#Parameters = {Disk_Antenna_1_inter_direction_disks_distance_5=0; Disk_Antenna_1_S11_target_top=-15; Disk_Antenna_1_center_frequency=2.4; Disk_Antenna_1_central_pipe_radius=2.5; Disk_Antenna_1_connector_inner_diameter=1.74; Disk_Antenna_1_connector_outer_diameter=4; Disk_Antenna_1_direction_disks_diameter_1=54.5; Disk_Antenna_1_direction_disks_diameter_2=39.5; Disk_Antenna_1_direction_disks_diameter_3=37; Disk_Antenna_1_direction_disks_diameter_4=40; Disk_Antenna_1_direction_disks_diameter_5=34; Disk_Antenna_1_disk_metallization_thickness=0.5; Disk_Antenna_1_frequency_range=0.2; Disk_Antenna_1_inter_direction_disks_distance_1=30; Disk_Antenna_1_inter_direction_disks_distance_2=26.8; Disk_Antenna_1_inter_direction_disks_distance_3=31.3; Disk_Antenna_1_inter_direction_disks_distance_4=27.2; Disk_Antenna_1_line_direction_disk_distance=11; Disk_Antenna_1_line_disk_diameter=69.3; Disk_Antenna_1_main_line_disks_distance=10.2; Disk_Antenna_1_main_reflector_diameter=83.2; Disk_Antenna_1_number_direction_disk=4.6; Disk_Antenna_1_nut_diameter=8; Disk_Antenna_1_nut_height=1; Disk_Antenna_1_nut_thickness=3; Disk_Antenna_1_optimisation_range=0.1; Disk_Antenna_1_port_connection_offset=23.3}
#"Frequency / GHz"	"S1,1 [Re]"	"S1,1 [Im]"	"Ref.Imp. [Re]"	"Ref.Imp. [Im]"
#-------------------------------------------------------------------------
0.50000000000000	-0.18662306723849	0.93798954726825	50.000000000000	0.00000000000000
0.50550000000000	-0.17373969521793	0.94201357661155	50.000000000000	0.00000000000000
0.51100000000000	-0.16070011779826	0.94578167679849	50.000000000000	0.00000000000000
0.51650000000000	-0.14751029960725	0.94928596266920	50.000000000000	0.00000000000000
0.52200000000000	-0.13417663319543	0.95251865594570	50.000000000000	0.00000000000000
0.52750000000000	-0.12070594347568	0.95547211022805	50.000000000000	0.00000000000000
0.53300000000000	-0.10710549070562	0.95813883702849	50.000000000000	0.00000000000000
0.53850000000000	-0.093382971883230	0.96051153277377	50.000000000000	0.00000000000000
0.54400000000000	-0.079546520426159	0.96258310669226	50.000000000000	0.00000000000000
0.54950000000000	-0.065604704007385	0.96434670948792	50.000000000000	0.00000000000000
0.55500000000000	-0.051566520422678	0.96579576268853	50.000000000000	0.00000000000000
0.56050000000000	-0.037441391370466	0.96692398854035	50.000000000000	0.00000000000000
0.56600000000000	-0.023239154030855	0.96772544030603	50.000000000000	0.00000000000000
0.57150000000000	-0.0089700503390233	0.96819453280736	50.000000000000	0.00000000000000
0.57700000000000	0.0053552861419478	0.96832607303902	50.000000000000	0.00000000000000
0.58250000000000	0.019725845831568	0.96811529066490	50.000000000000	0.00000000000000
0.58800000000000	0.034130261294749	0.96755786819448	50.000000000000	0.00000000000000
0.59350000000000	0.048556828009918	0.96664997062303	50.000000000000	0.00000000000000
0.59900000000000	0.062993527777692	0.96538827430776	50.000000000000	0.00000000000000
0.60450000000000	0.077428054785569	0.96376999484080	50.000000000000	0.00000000000000
0.61000000000000	0.091847844322675	0.96179291367105	50.000000000000	0.00000000000000
0.61550000000000	0.10624010411530	0.95945540321949	50.000000000000	0.00000000000000
0.62100000000000	0.12059184822945	0.95675645022788	50.000000000000	0.00000000000000
0.62650000000000	0.13488993346049	0.95369567707753	50.000000000000	0.00000000000000
0.63200000000000	0.14912109810302	0.95027336081586	50.000000000000	0.00000000000000
0.63750000000000	0.16327200296634	0.94649044963044	50.000000000000	0.00000000000000
0.64300000000000	0.17732927447262	0.94234857651698	50.000000000000	0.00000000000000
0.64850000000000	0.19127954964667	0.93785006989648	50.000000000000	0.00000000000000
0.65400000000000	0.20510952277807	0.93299796094957	50.000000000000	0.00000000000000
0.65950000000000	0.21880599350936	0.92779598745151	50.000000000000	0.00000000000000
0.66500000000000	0.23235591607776	0.92224859391086	50.000000000000	0.00000000000000
0.67050000000000	0.24574644941351	0.91636092783693	50.000000000000	0.00000000000000
0.67600000000000	0.25896500777523	0.91013883198647	50.000000000000	0.00000000000000
0.68150000000000	0.27199931158302	0.90358883246882	50.000000000000	0.00000000000000
0.68700000000000	0.28483743809238	0.89671812261924	50.000000000000	0.00000000000000
0.69250000000000	0.29746787153875	0.88953454258391	50.000000000000	0.00000000000000
0.69800000000000	0.30987955237155	0.88204655459467	50.000000000000	0.00000000000000
0.70350000000000	0.32206192519045	0.87426321394903	50.000000000000	0.00000000000000
0.70900000000000	0.33400498499427	0.86619413574779	50.000000000000	0.00000000000000
0.71450000000000	0.34569932135465	0.85784945748138	50.000000000000	0.00000000000000
0.72000000000000	0.35713616013305	0.84923979759351	50.000000000000	0.00000000000000
0.72550000000000	0.36830740237005	0.84037621018830	50.000000000000	0.00000000000000
0.73100000000000	0.37920565999108	0.83127013608281	50.000000000000	0.00000000000000
0.73650000000000	0.38982428799133	0.82193335044108	50.000000000000	0.00000000000000
0.74200000000000	0.40015741278580	0.81237790725750	50.000000000000	0.00000000000000
0.74750000000000	0.41019995643650	0.80261608098581	50.000000000000	0.00000000000000
0.75300000000000	0.41994765649846	0.79266030563547	50.000000000000	0.00000000000000
0.75850000000000	0.42939708125804	0.78252311167830	50.000000000000	0.00000000000000
0.76400000000000	0.43854564017144	0.77221706112533	50.000000000000	0.00000000000000
0.76950000000000	0.44739158934647	0.76175468114651	50.000000000000	0.00000000000000
0.77500000000000	0.45593403194724	0.75114839661338	50.000000000000	0.00000000000000
0.78050000000000	0.46417291343751	0.74041046194807	50.000000000000	0.00000000000000
0.78600000000000	0.47210901161444	0.72955289265962	50.000000000000	0.00000000000000
0.79150000000000	0.47974392141869	0.71858739694216	50.000000000000	0.00000000000000
0.79700000000000	0.48708003453898	0.70752530769800	50.000000000000	0.00000000000000
0.80250000000000	0.49412051385896	0.69637751533283	50.000000000000	0.00000000000000
0.80800000000000	0.50086926282008	0.68515440165067	50.000000000000	0.00000000000000
0.81350000000000	0.50733088979595	0.67386577515293	50.000000000000	0.00000000000000
0.81900000000000	0.51351066759115	0.66252080801946	50.000000000000	0.00000000000000
0.82450000000000	0.51941448818896	0.65112797502123	50.000000000000	0.00000000000000
0.83000000000000	0.52504881287897	0.63969499458345	50.000000000000	0.00000000000000
0.83550000000000	0.53042061789504	0.62822877218685	50.000000000000	0.00000000000000
0.84100000000000	0.53553733568758	0.61673534626317	50.000000000000	0.00000000000000
0.84650000000000	0.54040679194037	0.60521983670998	50.000000000000	0.00000000000000
0.85200000000000	0.54503713842072	0.59368639612058	50.000000000000	0.00000000000000
0.85750000000000	0.54943678172380	0.58213816379790	50.000000000000	0.00000000000000
0.86300000000000	0.55361430793477	0.57057722259806	50.000000000000	0.00000000000000
0.86850000000000	0.55757840318858	0.55900455863056	50.000000000000	0.00000000000000
0.87400000000000	0.56133777005411	0.54742002382940	50.000000000000	0.00000000000000
0.87950000000000	0.56490103960863	0.53582230140367	50.000000000000	0.00000000000000
0.88500000000000	0.56827667899852	0.52420887417967	50.000000000000	0.00000000000000
0.89050000000000	0.57147289420441	0.51257599585962	50.000000000000	0.00000000000000
0.89600000000000	0.57449752764109	0.50091866524798	50.000000000000	0.00000000000000
0.90150000000000	0.57735795012699	0.48923060353663	50.000000000000	0.00000000000000
0.90700000000000	0.58006094665275	0.47750423479720	50.000000000000	0.00000000000000
0.91250000000000	0.58261259526476	0.46573066990621	50.000000000000	0.00000000000000
0.91800000000000	0.58501813825716	0.45389969422965	50.000000000000	0.00000000000000
0.92350000000000	0.58728184473597	0.44199975952260	50.000000000000	0.00000000000000
0.92900000000000	0.58940686348154	0.43001798066101	50.000000000000	0.00000000000000
0.93450000000000	0.59139506489374	0.41794013802403	50.000000000000	0.00000000000000
0.94000000000000	0.59324687065869	0.40575068659193	50.000000000000	0.00000000000000
0.94550000000000	0.59496106963199	0.39343277312578	50.000000000000	0.00000000000000
0.95100000000000	0.59653461829448	0.38096826316088	50.000000000000	0.00000000000000
0.95650000000000	0.59796242401149	0.36833777998668	50.000000000000	0.00000000000000
0.96200000000000	0.59923710922455	0.35552075831550	50.000000000000	0.00000000000000
0.96750000000000	0.60034875463917	0.34249551597519	50.000000000000	0.00000000000000
0.97300000000000	0.60128461946343	0.32923934771351	50.000000000000	0.00000000000000
0.97850000000000	0.60202883682259	0.31572864609199	50.000000000000	0.00000000000000
0.98400000000000	0.60256208266034	0.30193905549319	50.000000000000	0.00000000000000
0.98950000000000	0.60286121677790	0.28784566648613	50.000000000000	0.00000000000000
0.99500000000000	0.60289889521682	0.27342325920635	50.000000000000	0.00000000000000
1.0005000000000	0.60264315402916	0.25864660602186	50.000000000000	0.00000000000000
1.0060000000000	0.60205696569299	0.24349084557851	50.000000000000	0.00000000000000
1.0115000000000	0.60109777113362	0.22793194233625	50.000000000000	0.00000000000000
1.0170000000000	0.59971699264402	0.21194724789076	50.000000000000	0.00000000000000
1.0225000000000	0.59785953612807	0.19551618265620	50.000000000000	0.00000000000000
1.0280000000000	0.59546329521983	0.17862105875036	50.000000000000	0.00000000000000
1.0335000000000	0.59245867518700	0.16124806699212	50.000000000000	0.00000000000000
1.0390000000000	0.58876816135630	0.14338845251488	50.000000000000	0.00000000000000
1.0445000000000	0.58430596535612	0.12503990421865	50.000000000000	0.00000000000000
1.0500000000000	0.57897779298515	0.10620818256467	50.000000000000	0.00000000000000
1.0555000000000	0.57268079013818	0.086909007293683	50.000000000000	0.00000000000000
1.0610000000000	0.56530373795595	0.067170220522492	50.000000000000	0.00000000000000
1.0665000000000	0.55672758495504	0.047034230072823	50.000000000000	0.00000000000000
1.0720000000000	0.54682642166454	0.026560721287508	50.000000000000	0.00000000000000
1.0775000000000	0.53546902095803	0.0058296012567251	50.000000000000	0.00000000000000
1.0830000000000	0.52252108267770	-0.015055894479277	50.000000000000	0.00000000000000
1.0885000000000	0.50784833103922	-0.035966047638682	50.000000000000	0.00000000000000
1.0940000000000	0.49132061307233	-0.056741627147252	50.000000000000	0.00000000000000
1.0995000000000	0.47281712993463	-0.077191223599463	50.000000000000	0.00000000000000
1.1050000000000	0.45223289298313	-0.097089265641863	50.000000000000	0.00000000000000
1.1105000000000	0.42948642499018	-0.11617511528080	50.000000000000	0.00000000000000
1.1160000000000	0.40452861649082	-0.13415371034210	50.000000000000	0.00000000000000
1.1215000000000	0.37735249345743	-0.15069826899374	50.000000000000	0.00000000000000
1.1270000000000	0.34800345682338	-0.16545557199690	50.000000000000	0.00000000000000
1.1325000000000	0.31658932808591	-0.17805426839751	50.000000000000	0.00000000000000
1.1380000000000	0.28328930289160	-0.18811648576333	50.000000000000	0.00000000000000
1.1435000000000	0.24836071589632	-0.19527275070259	50.000000000000	0.00000000000000
1.1490000000000	0.21214240837379	-0.19917984019907	50.000000000000	0.00000000000000
1.1545000000000	0.17505352392142	-0.19954071665871	50.000000000000	0.00000000000000
1.1600000000000	0.13758678790576	-0.19612520934131	50.000000000000	0.00000000000000
1.1655000000000	0.10029577670461	-0.18878968240033	50.000000000000	0.00000000000000
1.1710000000000	0.063776331256374	-0.17749368226453	50.000000000000	0.00000000000000
1.1765000000000	0.028643037193768	-0.16231158293314	50.000000000000	0.00000000000000
1.1820000000000	-0.0044975494252794	-0.14343760407695	50.000000000000	0.00000000000000
1.1875000000000	-0.035074663123977	-0.12118325125948	50.000000000000	0.00000000000000
1.1930000000000	-0.062579531447633	-0.095967126835807	50.000000000000	0.00000000000000
1.1985000000000	-0.086587591548091	-0.068298024393919	50.000000000000	0.00000000000000
1.2040000000000	-0.10677480312506	-0.038753061947920	50.000000000000	0.00000000000000
1.2095000000000	-0.12292694478806	-0.0079531667879747	50.000000000000	0.00000000000000
1.2150000000000	-0.13494171990847	0.023461595421270	50.000000000000	0.00000000000000
1.2205000000000	-0.14282439206670	0.054854555490323	50.000000000000	0.00000000000000
1.2260000000000	-0.14667837138608	0.085611048971411	50.000000000000	0.00000000000000
1.2315000000000	-0.14669259864057	0.11515197902803	50.000000000000	0.00000000000000
1.2370000000000	-0.14312771601770	0.14294191914458	50.000000000000	0.00000000000000
1.2425000000000	-0.13630292553615	0.16849196751598	50.000000000000	0.00000000000000
1.2480000000000	-0.12658520756837	0.19135805409489	50.000000000000	0.00000000000000
1.2535000000000	-0.11438229894903	0.21113574784739	50.000000000000	0.00000000000000
1.2590000000000	-0.10014059315801	0.22745285944270	50.000000000000	0.00000000000000
1.2645000000000	-0.084348973318554	0.23996136581815	50.000000000000	0.00000000000000
1.2700000000000	-0.067549529072556	0.24833051152910	50.000000000000	0.00000000000000
1.2755000000000	-0.050356089623257	0.25224351002044	50.000000000000	0.00000000000000
1.2810000000000	-0.033481386351498	0.25140124598459	50.000000000000	0.00000000000000
1.2865000000000	-0.017773145024492	0.24553795027104	50.000000000000	0.00000000000000
1.2920000000000	-0.0042579419618216	0.23445611002202	50.000000000000	0.00000000000000
1.2975000000000	0.0058117337299538	0.21809076656403	50.000000000000	0.00000000000000
1.3030000000000	0.010918597835175	0.19661599590385	50.000000000000	0.00000000000000
1.3085000000000	0.0092733527869059	0.17060625097353	50.000000000000	0.00000000000000
1.3140000000000	-0.0011191527465236	0.14125677089057	50.000000000000	0.00000000000000
1.3195000000000	-0.022258194657801	0.11064076895042	50.000000000000	0.00000000000000
1.3250000000000	-0.055740873393228	0.081925920259240	50.000000000000	0.00000000000000
1.3305000000000	-0.10212403445904	0.059391445482814	50.000000000000	0.00000000000000
1.3360000000000	-0.16016063965544	0.048025703538834	50.000000000000	0.00000000000000
1.3415000000000	-0.22623484983036	0.052551961954026	50.000000000000	0.00000000000000
1.3470000000000	-0.29447350538115	0.076031546704232	50.000000000000	0.00000000000000
1.3525000000000	-0.35783300820012	0.11862947310847	50.000000000000	0.00000000000000
1.3580000000000	-0.40987449470059	0.17729030002844	50.000000000000	0.00000000000000
1.3635000000000	-0.44637954646791	0.24661981223358	50.000000000000	0.00000000000000
1.3690000000000	-0.46602038503798	0.32049435612846	50.000000000000	0.00000000000000
1.3745000000000	-0.46995901830372	0.39354608635636	50.000000000000	0.00000000000000
1.3800000000000	-0.46085671745933	0.46196459978225	50.000000000000	0.00000000000000
1.3855000000000	-0.44187755967502	0.52359161428761	50.000000000000	0.00000000000000
1.3910000000000	-0.41600717138591	0.57759707622490	50.000000000000	0.00000000000000
1.3965000000000	-0.38572412577560	0.62403594626098	50.000000000000	0.00000000000000
1.4020000000000	-0.35292210711263	0.66346014513452	50.000000000000	0.00000000000000
1.4075000000000	-0.31896451779975	0.69664303803324	50.000000000000	0.00000000000000
1.4130000000000	-0.28478768930973	0.72440981736992	50.000000000000	0.00000000000000
1.4185000000000	-0.25100730895609	0.74754574299946	50.000000000000	0.00000000000000
1.4240000000000	-0.21800913265924	0.76675421994049	50.000000000000	0.00000000000000
1.4295000000000	-0.18601935624017	0.78264368890245	50.000000000000	0.00000000000000
1.4350000000000	-0.15515630550124	0.79572961215033	50.000000000000	0.00000000000000
1.4405000000000	-0.12546711678495	0.80644337810120	50.000000000000	0.00000000000000
1.4460000000000	-0.096953166064618	0.81514359590413	50.000000000000	0.00000000000000
1.4515000000000	-0.069587398577962	0.82212745947004	50.000000000000	0.00000000000000
1.4570000000000	-0.043325973320950	0.82764111794947	50.000000000000	0.00000000000000
1.4625000000000	-0.018115982322105	0.83188866726782	50.000000000000	0.00000000000000
1.4680000000000	0.0060995094816806	0.83503971965510	50.000000000000	0.00000000000000
1.4735000000000	0.029378237691576	0.83723566485539	50.000000000000	0.00000000000000
1.4790000000000	0.051776729993302	0.83859479514968	50.000000000000	0.00000000000000
1.4845000000000	0.073349109767772	0.83921647553929	50.000000000000	0.00000000000000
1.4900000000000	0.094146436199297	0.83918452709985	50.000000000000	0.00000000000000
1.4955000000000	0.11421639459658	0.83856996961568	50.000000000000	0.00000000000000
1.5010000000000	0.13360321145558	0.83743324611222	50.000000000000	0.00000000000000
1.5065000000000	0.15234771010194	0.83582603001592	50.000000000000	0.00000000000000
1.5120000000000	0.17048745076237	0.83379269661421	50.000000000000	0.00000000000000
1.5175000000000	0.18805691788342	0.83137152451541	50.000000000000	0.00000000000000
1.5230000000000	0.20508773034446	0.82859567972152	50.000000000000	0.00000000000000
1.5285000000000	0.22160885886867	0.82549402435388	50.000000000000	0.00000000000000
1.5340000000000	0.23764684076044	0.82209178360472	50.000000000000	0.00000000000000
1.5395000000000	0.25322598599805	0.81841109774115	50.000000000000	0.00000000000000
1.5450000000000	0.26836857130340	0.81447148062753	50.000000000000	0.00000000000000
1.5505000000000	0.28309502051608	0.81029020197758	50.000000000000	0.00000000000000
1.5560000000000	0.29742407070392	0.80588260716976	50.000000000000	0.00000000000000
1.5615000000000	0.31137292413946	0.80126238577567	50.000000000000	0.00000000000000
1.5670000000000	0.32495738669674	0.79644179781422	50.000000000000	0.00000000000000
1.5725000000000	0.33819199346486	0.79143186504078	50.000000000000	0.00000000000000
1.5780000000000	0.35109012249607	0.78624253321707	50.000000000000	0.00000000000000
1.5835000000000	0.36366409764945	0.78088281021536	50.000000000000	0.00000000000000
1.5890000000000	0.37592528148454	0.77536088393145	50.000000000000	0.00000000000000
1.5945000000000	0.38788415912225	0.76968422327246	50.000000000000	0.00000000000000
1.6000000000000	0.39955041393597	0.76385966491168	50.000000000000	0.00000000000000
1.6055000000000	0.41093299587245	0.75789348803768	50.000000000000	0.00000000000000
1.6110000000000	0.42204018313574	0.75179147894560	50.000000000000	0.00000000000000
1.6165000000000	0.43287963790105	0.74555898700915	50.000000000000	0.00000000000000
1.6220000000000	0.44345845666217	0.73920097331829	50.000000000000	0.00000000000000
1.6275000000000	0.45378321575609	0.73272205305892	50.000000000000	0.00000000000000
1.6330000000000	0.46386001255331	0.72612653253924	50.000000000000	0.00000000000000
1.6385000000000	0.47369450275177	0.71941844162508	50.000000000000	0.00000000000000
1.6440000000000	0.48329193416636	0.71260156222881	50.000000000000	0.00000000000000
1.6495000000000	0.49265717736447	0.70567945339819	50.000000000000	0.00000000000000
1.6550000000000	0.50179475346110	0.69865547346962	50.000000000000	0.00000000000000
1.6605000000000	0.51070885935364	0.69153279968205	50.000000000000	0.00000000000000
1.6660000000000	0.51940339064645	0.68431444559005	50.000000000000	0.00000000000000
1.6715000000000	0.52788196248942	0.67700327656629	50.000000000000	0.00000000000000
1.6770000000000	0.53614792853062	0.66960202364298	50.000000000000	0.00000000000000
1.6825000000000	0.54420439816232	0.66211329590728	50.000000000000	0.00000000000000
1.6880000000000	0.55205425222125	0.65453959163647	50.000000000000	0.00000000000000
1.6935000000000	0.55970015728694	0.64688330833372	50.000000000000	0.00000000000000
1.6990000000000	0.56714457870764	0.63914675180440	50.000000000000	0.00000000000000
1.7045000000000	0.57438979247002	0.63133214439449	50.000000000000	0.00000000000000
1.7100000000000	0.58143789601723	0.62344163249750	50.000000000000	0.00000000000000
1.7155000000000	0.58829081810956	0.61547729342273	50.000000000000	0.00000000000000
1.7210000000000	0.59495032781272	0.60744114170669	50.000000000000	0.00000000000000
1.7265000000000	0.60141804269052	0.59933513493947	50.000000000000	0.00000000000000
1.7320000000000	0.60769543627144	0.59116117916937	50.000000000000	0.00000000000000
1.7375000000000	0.61378384485210	0.58292113394208	50.000000000000	0.00000000000000
1.7430000000000	0.61968447369470	0.57461681702409	50.000000000000	0.00000000000000
1.7485000000000	0.62539840267059	0.56625000885474	50.000000000000	0.00000000000000
1.7540000000000	0.63092659139721	0.55782245676662	50.000000000000	0.00000000000000
1.7595000000000	0.63626988391179	0.54933587900972	50.000000000000	0.00000000000000
1.7650000000000	0.64142901292139	0.54079196861133	50.000000000000	0.00000000000000
1.7705000000000	0.64640460366564	0.53219239710069	50.000000000000	0.00000000000000
1.7760000000000	0.65119717742577	0.52353881812424	50.000000000000	0.00000000000000
1.7815000000000	0.65580715471071	0.51483287097563	50.000000000000	0.00000000000000
1.7870000000000	0.66023485814902	0.50607618406197	50.000000000000	0.00000000000000
1.7925000000000	0.66448051511321	0.49727037832644	50.000000000000	0.00000000000000
1.7980000000000	0.66854426010144	0.48841707064559	50.000000000000	0.00000000000000
1.8035000000000	0.67242613689983	0.47951787721844	50.000000000000	0.00000000000000
1.8090000000000	0.67612610054738	0.47057441696320	50.000000000000	0.00000000000000
1.8145000000000	0.67964401912452	0.46158831493644	50.000000000000	0.00000000000000
1.8200000000000	0.68297967538489	0.45256120578867	50.000000000000	0.00000000000000
1.8255000000000	0.68613276824960	0.44349473726933	50.000000000000	0.00000000000000
1.8310000000000	0.68910291418224	0.43439057379374	50.000000000000	0.00000000000000
1.8365000000000	0.69188964846251	0.42525040008375	50.000000000000	0.00000000000000
1.8420000000000	0.69449242637592	0.41607592489322	50.000000000000	0.00000000000000
1.8475000000000	0.69691062433663	0.40686888482922	50.000000000000	0.00000000000000
1.8530000000000	0.69914354096055	0.39763104827918	50.000000000000	0.00000000000000
1.8585000000000	0.70119039810564	0.38836421945374	50.000000000000	0.00000000000000
1.8640000000000	0.70305034189632	0.37907024255493	50.000000000000	0.00000000000000
1.8695000000000	0.70472244374937	0.36975100607864	50.000000000000	0.00000000000000
1.8750000000000	0.70620570141874	0.36040844726001	50.000000000000	0.00000000000000
1.8805000000000	0.70749904007708	0.35104455667026	50.000000000000	0.00000000000000
1.8860000000000	0.70860131345249	0.34166138297255	50.000000000000	0.00000000000000
1.8915000000000	0.70951130503932	0.33226103784468	50.000000000000	0.00000000000000
1.8970000000000	0.71022772940270	0.32284570107522	50.000000000000	0.00000000000000
1.9025000000000	0.71074923359721	0.31341762583999	50.000000000000	0.00000000000000
1.9080000000000	0.71107439872093	0.30397914416437	50.000000000000	0.00000000000000
1.9135000000000	0.71120174162722	0.29453267257709	50.000000000000	0.00000000000000
1.9190000000000	0.71112971681733	0.28508071795969	50.000000000000	0.00000000000000
1.9245000000000	0.71085671853850	0.27562588359567	50.000000000000	0.00000000000000
1.9300000000000	0.71038108311311	0.26617087542187	50.000000000000	0.00000000000000
1.9355000000000	0.70970109152583	0.25671850848394	50.000000000000	0.00000000000000
1.9410000000000	0.70881497229729	0.24727171359643	50.000000000000	0.00000000000000
1.9465000000000	0.70772090467396	0.23783354420656	50.000000000000	0.00000000000000
1.9520000000000	0.70641702216568	0.22840718345943	50.000000000000	0.00000000000000
1.9575000000000	0.70490141646382	0.21899595146054	50.000000000000	0.00000000000000
1.9630000000000	0.70317214177459	0.20960331272952	50.000000000000	0.00000000000000
1.9685000000000	0.70122721960376	0.20023288383701	50.000000000000	0.00000000000000
1.9740000000000	0.69906464403082	0.19088844121385	50.000000000000	0.00000000000000
1.9795000000000	0.69668238751207	0.18157392911949	50.000000000000	0.00000000000000
1.9850000000000	0.69407840725407	0.17229346775289	50.000000000000	0.00000000000000
1.9905000000000	0.69125065220024	0.16305136148653	50.000000000000	0.00000000000000
1.9960000000000	0.68819707067526	0.15385210719985	50.000000000000	0.00000000000000
2.0015000000000	0.68491561873308	0.14470040268476	50.000000000000	0.00000000000000
2.0070000000000	0.68140426925593	0.13560115509113	50.000000000000	0.00000000000000
2.0125000000000	0.67766102185258	0.12655948937540	50.000000000000	0.00000000000000
2.0180000000000	0.67368391360543	0.11758075671014	50.000000000000	0.00000000000000
2.0235000000000	0.66947103071614	0.10867054280626	50.000000000000	0.00000000000000
2.0290000000000	0.66502052110020	0.099834676093771	50.000000000000	0.00000000000000
2.0345000000000	0.66033060798059	0.091079235699628	50.000000000000	0.00000000000000
2.0400000000000	0.65539960453003	0.082410559154357	50.000000000000	0.00000000000000
2.0455000000000	0.65022592961025	0.073835249750930	50.000000000000	0.00000000000000
2.0510000000000	0.64480812465488	0.065360183471285	50.000000000000	0.00000000000000
2.0565000000000	0.63914487173995	0.056992515386888	50.000000000000	0.00000000000000
2.0620000000000	0.63323501288265	0.048739685430429	50.000000000000	0.00000000000000
2.0675000000000	0.62707757060460	0.040609423425988	50.000000000000	0.00000000000000
2.0730000000000	0.62067176979032	0.032609753254780	50.000000000000	0.00000000000000
2.0785000000000	0.61401706086509	0.024748996023081	50.000000000000	0.00000000000000
2.0840000000000	0.60711314430809	0.017035772088142	50.000000000000	0.00000000000000
2.0895000000000	0.59995999650758	0.0094790017869414	50.000000000000	0.00000000000000
2.0950000000000	0.59255789695324	0.0020879047016480	50.000000000000	0.00000000000000
2.1005000000000	0.58490745674844	-0.0051280027152445	50.000000000000	0.00000000000000
2.1060000000000	0.57700964841005	-0.012158911343694	50.000000000000	0.00000000000000
2.1115000000000	0.56886583690676	-0.018994725624541	50.000000000000	0.00000000000000
2.1170000000000	0.56047781186802	-0.025625072020667	50.000000000000	0.00000000000000
2.1225000000000	0.55184782087430	-0.032039309926358	50.000000000000	0.00000000000000
2.1280000000000	0.54297860371635	-0.038226545247423	50.000000000000	0.00000000000000
2.1335000000000	0.53387342748494	-0.044175646880014	50.000000000000	0.00000000000000
2.1390000000000	0.52453612232451	-0.049875266319566	50.000000000000	0.00000000000000
2.1445000000000	0.51497111765382	-0.055313860632198	50.000000000000	0.00000000000000
2.1500000000000	0.50518347862368	-0.060479719019091	50.000000000000	0.00000000000000
2.1555000000000	0.49517894254707	-0.065360993199121	50.000000000000	0.00000000000000
2.1610000000000	0.48496395500036	-0.069945731826037	50.000000000000	0.00000000000000
2.1665000000000	0.47454570525559	-0.074221919143153	50.000000000000	0.00000000000000
2.1720000000000	0.46393216066459	-0.078177518060391	50.000000000000	0.00000000000000
2.1775000000000	0.45313209957495	-0.081800517815150	50.000000000000	0.00000000000000
2.1830000000000	0.44215514231766	-0.085078986349284	50.000000000000	0.00000000000000
2.1885000000000	0.43101177976592	-0.088001127499211	50.000000000000	0.00000000000000
2.1940000000000	0.41971339892592	-0.090555343054337	50.000000000000	0.00000000000000
2.1995000000000	0.40827230498382	-0.092730299690397	50.000000000000	0.00000000000000
2.2050000000000	0.39670173919964	-0.094515000728808	50.000000000000	0.00000000000000
2.2105000000000	0.38501589200963	-0.095898862610659	50.000000000000	0.00000000000000
2.2160000000000	0.37322991067472	-0.096871795904681	50.000000000000	0.00000000000000
2.2215000000000	0.36135990079570	-0.097424290592825	50.000000000000	0.00000000000000
2.2270000000000	0.34942292100633	-0.097547505295364	50.000000000000	0.00000000000000
2.2325000000000	0.33743697015515	-0.097233360010638	50.000000000000	0.00000000000000
2.2380000000000	0.32542096629713	-0.096474631853533	50.000000000000	0.00000000000000
2.2435000000000	0.31339471683724	-0.095265053183020	50.000000000000	0.00000000000000
2.2490000000000	0.30137887920187	-0.093599411413850	50.000000000000	0.00000000000000
2.2545000000000	0.28939491146038	-0.091473649712893	50.000000000000	0.00000000000000
2.2600000000000	0.27746501237899	-0.088884967688348	50.000000000000	0.00000000000000
2.2655000000000	0.26561205046225	-0.085831921092559	50.000000000000	0.00000000000000
2.2710000000000	0.25385948162408	-0.082314519478704	50.000000000000	0.00000000000000
2.2765000000000	0.24223125522828	-0.078334320680520	50.000000000000	0.00000000000000
2.2820000000000	0.23075170834810	-0.073894520925026	50.000000000000	0.00000000000000
2.2875000000000	0.21944544821245	-0.069000039343010	50.000000000000	0.00000000000000
2.2930000000000	0.20833722293105	-0.063657595612909	50.000000000000	0.00000000000000
2.2985000000000	0.19745178071787	-0.057875779462239	50.000000000000	0.00000000000000
2.3000000000000	0.19452492864323	-0.056224001981712	50.000000000000	0.00000000000000
2.3040000000000	0.18681371796002	-0.051665110757886	50.000000000000	0.00000000000000
2.3095000000000	0.17644731660040	-0.045038088942730	50.000000000000	0.00000000000000
2.3150000000000	0.16637637141540	-0.038009230620511	50.000000000000	0.00000000000000
2.3205000000000	0.15662400786595	-0.030595094151941	50.000000000000	0.00000000000000
2.3260000000000	0.14721249127740	-0.022814290199703	50.000000000000	0.00000000000000
2.3315000000000	0.13816302815531	-0.014687477243662	50.000000000000	0.00000000000000
2.3370000000000	0.12949556046477	-0.0062373411741245	50.000000000000	0.00000000000000
2.3425000000000	0.12122855368627	0.0025114418478626	50.000000000000	0.00000000000000
2.3480000000000	0.11337877940701	0.011532260008531	50.000000000000	0.00000000000000
2.3535000000000	0.10596109311112	0.020796638645654	50.000000000000	0.00000000000000
2.3590000000000	0.098988207694328	0.030274331952731	50.000000000000	0.00000000000000
2.3645000000000	0.092470463050428	0.039933434363704	50.000000000000	0.00000000000000
2.3700000000000	0.086415591863788	0.049740512547863	50.000000000000	0.00000000000000
2.3755000000000	0.080828481503419	0.059660759199878	50.000000000000	0.00000000000000
2.3810000000000	0.075710931666065	0.069658170199183	50.000000000000	0.00000000000000
2.3865000000000	0.071061407181416	0.079695747267261	50.000000000000	0.00000000000000
2.3920000000000	0.066874785205858	0.089735729005640	50.000000000000	0.00000000000000
2.3975000000000	0.063142095939908	0.099739854188720	50.000000000000	0.00000000000000
2.4000000000000	0.061592099370586	0.10426492678919	50.000000000000	0.00000000000000
2.4030000000000	0.059850256074155	0.10966966245330	50.000000000000	0.00000000000000
2.4085000000000	0.056981794488923	0.11948683910860	50.000000000000	0.00000000000000
2.4140000000000	0.054514570424519	0.12915361271934	50.000000000000	0.00000000000000
2.4195000000000	0.052421485562331	0.13863321640851	50.000000000000	0.00000000000000
2.4250000000000	0.050670193422773	0.14789042648008	50.000000000000	0.00000000000000
2.4305000000000	0.049222812465408	0.15689219492066	50.000000000000	0.00000000000000
2.4360000000000	0.048035653611758	0.16560839547726	50.000000000000	0.00000000000000
2.4415000000000	0.047058979020367	0.17401270607724	50.000000000000	0.00000000000000
2.4470000000000	0.046236817315452	0.18208365293006	50.000000000000	0.00000000000000
2.4525000000000	0.045506871637731	0.18980584303654	50.000000000000	0.00000000000000
2.4580000000000	0.044800571361704	0.19717141096853	50.000000000000	0.00000000000000
2.4635000000000	0.044043336474055	0.20418170111059	50.000000000000	0.00000000000000
2.4690000000000	0.043155145431015	0.21084919589231	50.000000000000	0.00000000000000
2.4745000000000	0.042051522079107	0.21719968098695	50.000000000000	0.00000000000000
2.4800000000000	0.040645082941742	0.22327460642018	50.000000000000	0.00000000000000
2.4855000000000	0.038847808858318	0.22913355401443	50.000000000000	0.00000000000000
2.4910000000000	0.036574217753690	0.23485665288282	50.000000000000	0.00000000000000
2.4965000000000	0.033745607631300	0.24054669379847	50.000000000000	0.00000000000000
2.5000000000000	0.031625485226413	0.24420745977958	50.000000000000	0.00000000000000
2.5020000000000	0.030295496008809	0.24633058233265	50.000000000000	0.00000000000000
2.5075000000000	0.026176285887952	0.25235964938079	50.000000000000	0.00000000000000
2.5130000000000	0.021367020631306	0.25880822749404	50.000000000000	0.00000000000000
2.5185000000000	0.015881838787383	0.26586983899123	50.000000000000	0.00000000000000
2.5240000000000	0.0097784100684779	0.27375037940660	50.000000000000	0.00000000000000
2.5295000000000	0.0031652614318627	0.28265787838844	50.000000000000	0.00000000000000
2.5350000000000	-0.0037934331652524	0.29278883114516	50.000000000000	0.00000000000000
2.5405000000000	-0.010877200361643	0.30431172827018	50.000000000000	0.00000000000000
2.5460000000000	-0.017814219775448	0.31734920505649	50.000000000000	0.00000000000000
2.5515000000000	-0.024292787177494	0.33196101696992	50.000000000000	0.00000000000000
2.5570000000000	-0.029979186917498	0.34813057172646	50.000000000000	0.00000000000000
2.5625000000000	-0.034540566669905	0.36575773931385	50.000000000000	0.00000000000000
2.5680000000000	-0.037670127756539	0.38465995084136	50.000000000000	0.00000000000000
2.5735000000000	-0.039111104566045	0.40458223759206	50.000000000000	0.00000000000000
2.5790000000000	-0.038675948046102	0.42521516693424	50.000000000000	0.00000000000000
2.5845000000000	-0.036257949438654	0.44621808927387	50.000000000000	0.00000000000000
2.5900000000000	-0.031834024783240	0.46724418759470	50.000000000000	0.00000000000000
2.5955000000000	-0.025459076367289	0.48796376629864	50.000000000000	0.00000000000000
2.6010000000000	-0.017253760918382	0.50808296383503	50.000000000000	0.00000000000000
2.6065000000000	-0.0073882892633254	0.52735630465152	50.000000000000	0.00000000000000
2.6120000000000	0.0039350219770317	0.54559280974020	50.000000000000	0.00000000000000
2.6175000000000	0.016498182862271	0.56265642678755	50.000000000000	0.00000000000000
2.6230000000000	0.030081431327952	0.57846215411344	50.000000000000	0.00000000000000
2.6285000000000	0.044473872231545	0.59296941834621	50.000000000000	0.00000000000000
2.6340000000000	0.059480769801688	0.60617413268730	50.000000000000	0.00000000000000
2.6395000000000	0.074927842192792	0.61810055381592	50.000000000000	0.00000000000000
2.6450000000000	0.090663129804209	0.62879369576434	50.000000000000	0.00000000000000
2.6505000000000	0.10655706803025	0.63831273125736	50.000000000000	0.00000000000000
2.6560000000000	0.12250134881284	0.64672555522527	50.000000000000	0.00000000000000
2.6615000000000	0.13840705578145	0.65410451002492	50.000000000000	0.00000000000000
2.6670000000000	0.15420244241323	0.66052316770910	50.000000000000	0.00000000000000
2.6725000000000	0.16983061418241	0.66605401450062	50.000000000000	0.00000000000000
2.6780000000000	0.18524728498475	0.67076686899725	50.000000000000	0.00000000000000
2.6835000000000	0.20041870831317	0.67472787395655	50.000000000000	0.00000000000000
2.6890000000000	0.21531983342335	0.67799892106185	50.000000000000	0.00000000000000
2.6945000000000	0.22993270279510	0.68063739174277	50.000000000000	0.00000000000000
2.7000000000000	0.24424508581096	0.68269612067154	50.000000000000	0.00000000000000
2.7055000000000	0.25824933127556	0.68422350975376	50.000000000000	0.00000000000000
2.7110000000000	0.27194141533552	0.68526373836868	50.000000000000	0.00000000000000
2.7165000000000	0.28532015934926	0.68585703014516	50.000000000000	0.00000000000000
2.7220000000000	0.29838659271865	0.68603994795562	50.000000000000	0.00000000000000
2.7275000000000	0.31114343754096	0.68584569751429	50.000000000000	0.00000000000000
2.7330000000000	0.32359469444801	0.68530442646632	50.000000000000	0.00000000000000
2.7385000000000	0.33574531171657	0.68444351060884	50.000000000000	0.00000000000000
2.7440000000000	0.34760092239085	0.68328782229314	50.000000000000	0.00000000000000
2.7495000000000	0.35916763660777	0.68185997844722	50.000000000000	0.00000000000000
2.7550000000000	0.37045187849178	0.68018056729283	50.000000000000	0.00000000000000
2.7605000000000	0.38146025886961	0.67826835391479	50.000000000000	0.00000000000000
2.7660000000000	0.39219947665495	0.67614046552779	50.000000000000	0.00000000000000
2.7715000000000	0.40267624309351	0.67381255769335	50.000000000000	0.00000000000000
2.7770000000000	0.41289722416980	0.67129896295320	50.000000000000	0.00000000000000
2.7825000000000	0.42286899739003	0.66861282342737	50.000000000000	0.00000000000000
2.7880000000000	0.43259801990135	0.66576620892051	50.000000000000	0.00000000000000
2.7935000000000	0.44209060551382	0.66277022202082	50.000000000000	0.00000000000000
2.7990000000000	0.45135290868134	0.65963509158435	50.000000000000	0.00000000000000
2.8045000000000	0.46039091389373	0.65637025588874	50.000000000000	0.00000000000000
2.8100000000000	0.46921042924929	0.65298443662548	50.000000000000	0.00000000000000
2.8155000000000	0.47781708323302	0.64948570478447	50.000000000000	0.00000000000000
2.8210000000000	0.48621632392897	0.64588153937416	50.000000000000	0.00000000000000
2.8265000000000	0.49441342005895	0.64217887981680	50.000000000000	0.00000000000000
2.8320000000000	0.50241346336961	0.63838417276266	50.000000000000	0.00000000000000
2.8375000000000	0.51022137199355	0.63450341398046	50.000000000000	0.00000000000000
2.8430000000000	0.51784189449266	0.63054218590287	50.000000000000	0.00000000000000
2.8485000000000	0.52527961435695	0.62650569133645	50.000000000000	0.00000000000000
2.8540000000000	0.53253895478442	0.62239878378344	50.000000000000	0.00000000000000
2.8595000000000	0.53962418360797	0.61822599476786	50.000000000000	0.00000000000000
2.8650000000000	0.54653941826796	0.61399155851064	50.000000000000	0.00000000000000
2.8705000000000	0.55328863075441	0.60969943425585	50.000000000000	0.00000000000000
2.8760000000000	0.55987565246265	0.60535332651316	50.000000000000	0.00000000000000
2.8815000000000	0.56630417892186	0.60095670344940	50.000000000000	0.00000000000000
2.8870000000000	0.57257777436813	0.59651281363338	50.000000000000	0.00000000000000
2.8925000000000	0.57869987614280	0.59202470131390	50.000000000000	0.00000000000000
2.8980000000000	0.58467379890427	0.58749522038882	50.000000000000	0.00000000000000
2.9035000000000	0.59050273864690	0.58292704720449	50.000000000000	0.00000000000000
2.9090000000000	0.59618977652460	0.57832269230839	50.000000000000	0.00000000000000
2.9145000000000	0.60173788247989	0.57368451126334	50.000000000000	0.00000000000000
2.9200000000000	0.60714991868162	0.56901471461933	50.000000000000	0.00000000000000
2.9255000000000	0.61242864277568	0.56431537712793	50.000000000000	0.00000000000000
2.9310000000000	0.61757671095469	0.55958844627479	50.000000000000	0.00000000000000
2.9365000000000	0.62259668085293	0.55483575019725	50.000000000000	0.00000000000000
2.9420000000000	0.62749101427334	0.55005900504712	50.000000000000	0.00000000000000
2.9475000000000	0.63226207975385	0.54525982185180	50.000000000000	0.00000000000000
2.9530000000000	0.63691215497977	0.54043971292179	50.000000000000	0.00000000000000
2.9585000000000	0.64144342904961	0.53560009784748	50.000000000000	0.00000000000000
2.9640000000000	0.64585800460090	0.53074230912387	50.000000000000	0.00000000000000
2.9695000000000	0.65015789980272	0.52586759743805	50.000000000000	0.00000000000000
2.9750000000000	0.65434505022131	0.52097713665117	50.000000000000	0.00000000000000
2.9805000000000	0.65842131056475	0.51607202850338	50.000000000000	0.00000000000000
2.9860000000000	0.66238845631262	0.51115330706797	50.000000000000	0.00000000000000
2.9915000000000	0.66624818523599	0.50622194297857	50.000000000000	0.00000000000000
2.9970000000000	0.67000211881312	0.50127884745122	50.000000000000	0.00000000000000
3.0025000000000	0.67365180354577	0.49632487612158	50.000000000000	0.00000000000000
3.0080000000000	0.67719871218088	0.49136083271583	50.000000000000	0.00000000000000
3.0135000000000	0.68064424484218	0.48638747257262	50.000000000000	0.00000000000000
3.0190000000000	0.68398973007610	0.48140550603213	50.000000000000	0.00000000000000
3.0245000000000	0.68723642581611	0.47641560170744	50.000000000000	0.00000000000000
3.0300000000000	0.69038552026972	0.47141838965232	50.000000000000	0.00000000000000
3.0355000000000	0.69343813273193	0.46641446443886	50.000000000000	0.00000000000000
3.0410000000000	0.69639531432931	0.46140438815780	50.000000000000	0.00000000000000
3.0465000000000	0.69925804869837	0.45638869335356	50.000000000000	0.00000000000000
3.0520000000000	0.70202725260233	0.45136788590566	50.000000000000	0.00000000000000
3.0575000000000	0.70470377649016	0.44634244786781	50.000000000000	0.00000000000000
3.0630000000000	0.70728840500203	0.44131284027537	50.000000000000	0.00000000000000
3.0685000000000	0.70978185742518	0.43627950593172	50.000000000000	0.00000000000000
3.0740000000000	0.71218478810477	0.43124287218394	50.000000000000	0.00000000000000
3.0795000000000	0.71449778681411	0.42620335369748	50.000000000000	0.00000000000000
3.0850000000000	0.71672137908909	0.42116135524001	50.000000000000	0.00000000000000
3.0905000000000	0.71885602653195	0.41611727448388	50.000000000000	0.00000000000000
3.0960000000000	0.72090212708981	0.41107150483675	50.000000000000	0.00000000000000
3.1015000000000	0.72286001531375	0.40602443830991	50.000000000000	0.00000000000000
3.1070000000000	0.72472996260485	0.40097646843353	50.000000000000	0.00000000000000
3.1125000000000	0.72651217745384	0.39592799322809	50.000000000000	0.00000000000000
3.1180000000000	0.72820680568183	0.39087941824113	50.000000000000	0.00000000000000
3.1235000000000	0.72981393069008	0.38583115965838	50.000000000000	0.00000000000000
3.1290000000000	0.73133357372747	0.38078364749821	50.000000000000	0.00000000000000
3.1345000000000	0.73276569418516	0.37573732889818	50.000000000000	0.00000000000000
3.1400000000000	0.73411018992877	0.37069267150246	50.000000000000	0.00000000000000
3.1455000000000	0.73536689767910	0.36565016695846	50.000000000000	0.00000000000000
3.1510000000000	0.73653559345388	0.36061033453095	50.000000000000	0.00000000000000
3.1565000000000	0.73761599308348	0.35557372484173	50.000000000000	0.00000000000000
3.1620000000000	0.73860775281528	0.35054092374220	50.000000000000	0.00000000000000
3.1675000000000	0.73951047002211	0.34551255632619	50.000000000000	0.00000000000000
3.1730000000000	0.74032368403195	0.34048929108941	50.000000000000	0.00000000000000
3.1785000000000	0.74104687709703	0.33547184424163	50.000000000000	0.00000000000000
3.1840000000000	0.74167947552242	0.33046098417656	50.000000000000	0.00000000000000
3.1895000000000	0.74222085097536	0.32545753610370	50.000000000000	0.00000000000000
3.1950000000000	0.74267032199850	0.32046238684518	50.000000000000	0.00000000000000
3.2005000000000	0.74302715575177	0.31547648979938	50.000000000000	0.00000000000000
3.2060000000000	0.74329057000952	0.31050087007149	50.000000000000	0.00000000000000
3.2115000000000	0.74345973544115	0.30553662976958	50.000000000000	0.00000000000000
3.2170000000000	0.74353377820561	0.30058495346255	50.000000000000	0.00000000000000
3.2225000000000	0.74351178289172	0.29564711379406	50.000000000000	0.00000000000000
3.2280000000000	0.74339279583836	0.29072447724390	50.000000000000	0.00000000000000
3.2335000000000	0.74317582887009	0.28581851002524	50.000000000000	0.00000000000000
3.2390000000000	0.74285986348585	0.28093078410289	50.000000000000	0.00000000000000
3.2445000000000	0.74244385553972	0.27606298331361	50.000000000000	0.00000000000000
3.2500000000000	0.74192674045431	0.27121690956569	50.000000000000	0.00000000000000
3.2555000000000	0.74130743900849	0.26639448908992	50.000000000000	0.00000000000000
3.2610000000000	0.74058486374230	0.26159777870915	50.000000000000	0.00000000000000
3.2665000000000	0.73975792602228	0.25682897208763	50.000000000000	0.00000000000000
3.2720000000000	0.73882554381058	0.25209040591545	50.000000000000	0.00000000000000
3.2775000000000	0.73778665018118	0.24738456597621	50.000000000000	0.00000000000000
3.2830000000000	0.73664020262504	0.24271409303916	50.000000000000	0.00000000000000
3.2885000000000	0.73538519318468	0.23808178850886	50.000000000000	0.00000000000000
3.2940000000000	0.73402065945579	0.23349061975745	50.000000000000	0.00000000000000
3.2995000000000	0.73254569648999	0.22894372505570	50.000000000000	0.00000000000000
3.3050000000000	0.73095946962798	0.22444441800994	50.000000000000	0.00000000000000
3.3105000000000	0.72926122828647	0.21999619140263	50.000000000000	0.00000000000000
3.3160000000000	0.72745032071465	0.21560272032487	50.000000000000	0.00000000000000
3.3215000000000	0.72552620972696	0.21126786447947	50.000000000000	0.00000000000000
3.3270000000000	0.72348848940822	0.20699566952385	50.000000000000	0.00000000000000
3.3325000000000	0.72133690277452	0.20279036731319	50.000000000000	0.00000000000000
3.3380000000000	0.71907136035871	0.19865637489568	50.000000000000	0.00000000000000
3.3435000000000	0.71669195967277	0.19459829210443	50.000000000000	0.00000000000000
3.3490000000000	0.71419900548026	0.19062089758440	50.000000000000	0.00000000000000
3.3545000000000	0.71159303079158	0.18672914308821	50.000000000000	0.00000000000000
3.3600000000000	0.70887481847133	0.18292814587224	50.000000000000	0.00000000000000
3.3655000000000	0.70604542332203	0.17922317902441	50.000000000000	0.00000000000000
3.3710000000000	0.70310619448164	0.17561965955839	50.000000000000	0.00000000000000
3.3765000000000	0.70005879794334	0.17212313411514	50.000000000000	0.00000000000000
3.3820000000000	0.69690523897657	0.16873926212364	50.000000000000	0.00000000000000
3.3875000000000	0.69364788419714	0.16547379628747	50.000000000000	0.00000000000000
3.3930000000000	0.69028948300344	0.16233256028427	50.000000000000	0.00000000000000
3.3985000000000	0.68683318806522	0.15932142359030	50.000000000000	0.00000000000000
3.4040000000000	0.68328257452180	0.15644627337377	50.000000000000	0.00000000000000
3.4095000000000	0.67964165751993	0.15371298343772	50.000000000000	0.00000000000000
3.4150000000000	0.67591490769703	0.15112738023673	50.000000000000	0.00000000000000
3.4205000000000	0.67210726419665	0.14869520604096	50.000000000000	0.00000000000000
3.4260000000000	0.66822414478875	0.14642207937633	50.000000000000	0.00000000000000
3.4315000000000	0.66427145266093	0.14431345292993	50.000000000000	0.00000000000000
3.4370000000000	0.66025557944775	0.14237456917507	50.000000000000	0.00000000000000
3.4425000000000	0.65618340407645	0.14061041403827	50.000000000000	0.00000000000000
3.4480000000000	0.65206228702870	0.13902566900174	50.000000000000	0.00000000000000
3.4535000000000	0.64790005965111	0.13762466210542	50.000000000000	0.00000000000000
3.4590000000000	0.64370500819271	0.13641131838300	50.000000000000	0.00000000000000
3.4645000000000	0.63948585230567	0.13538911033187	50.000000000000	0.00000000000000
3.4700000000000	0.63525171781669	0.13456100907813	50.000000000000	0.00000000000000
3.4755000000000	0.63101210365966	0.13392943694894	50.000000000000	0.00000000000000
3.4810000000000	0.62677684295540	0.13349622220620	50.000000000000	0.00000000000000
3.4865000000000	0.62255605832897	0.13326255672297	50.000000000000	0.00000000000000
3.4920000000000	0.61836011166876	0.13322895739600	50.000000000000	0.00000000000000
3.4975000000000	0.61419954864978	0.13339523208231	50.000000000000	0.00000000000000
3.5030000000000	0.61008503846571	0.13376045082234	50.000000000000	0.00000000000000
3.5085000000000	0.60602730933469	0.13432292306703	50.000000000000	0.00000000000000
3.5140000000000	0.60203708046032	0.13508018155978	50.000000000000	0.00000000000000
3.5195000000000	0.59812499123739	0.13602897343747	50.000000000000	0.00000000000000
3.5250000000000	0.59430152858747	0.13716525900844	50.000000000000	0.00000000000000
3.5305000000000	0.59057695338929	0.13848421854180	50.000000000000	0.00000000000000
3.5360000000000	0.58696122702893	0.13998026726360	50.000000000000	0.00000000000000
3.5415000000000	0.58346393913252	0.14164707860592	50.000000000000	0.00000000000000
3.5470000000000	0.58009423755714	0.14347761559755	50.000000000000	0.00000000000000
3.5525000000000	0.57686076170251	0.14546417012526	50.000000000000	0.00000000000000
3.5580000000000	0.57377158016603	0.14759840963691	50.000000000000	0.00000000000000
3.5635000000000	0.57083413369790	0.14987143070711	50.000000000000	0.00000000000000
3.5690000000000	0.56805518432201	0.15227381874728	50.000000000000	0.00000000000000
3.5745000000000	0.56544077137561	0.15479571301982	50.000000000000	0.00000000000000
3.5800000000000	0.56299617508824	0.15742687601372	50.000000000000	0.00000000000000
3.5855000000000	0.56072588817404	0.16015676616026	50.000000000000	0.00000000000000
3.5910000000000	0.55863359575379	0.16297461281428	50.000000000000	0.00000000000000
3.5965000000000	0.55672216376051	0.16586949240049	50.000000000000	0.00000000000000
3.6020000000000	0.55499363581933	0.16883040462500	50.000000000000	0.00000000000000
3.6075000000000	0.55344923843372	0.17184634768017	50.000000000000	0.00000000000000
3.6130000000000	0.55208939416066	0.17490639142275	50.000000000000	0.00000000000000
3.6185000000000	0.55091374232122	0.17799974758025	50.000000000000	0.00000000000000
3.6240000000000	0.54992116667324	0.18111583613383	50.000000000000	0.00000000000000
3.6295000000000	0.54910982937275	0.18424434713520	50.000000000000	0.00000000000000
3.6350000000000	0.54847721047136	0.18737529733529	50.000000000000	0.00000000000000
3.6405000000000	0.54802015213973	0.19049908112969	50.000000000000	0.00000000000000
3.6460000000000	0.54773490677241	0.19360651545674	50.000000000000	0.00000000000000
3.6515000000000	0.54761718811563	0.19668887841331	50.000000000000	0.00000000000000
3.6570000000000	0.54766222456634	0.19973794147868	50.000000000000	0.00000000000000
3.6625000000000	0.54786481381583	0.20274599535462	50.000000000000	0.00000000000000
3.6680000000000	0.54821937805204	0.20570586953714	50.000000000000	0.00000000000000
3.6735000000000	0.54872001898868	0.20861094583141	50.000000000000	0.00000000000000
3.6790000000000	0.54936057205448	0.21145516610328	50.000000000000	0.00000000000000
3.6845000000000	0.55013465914778	0.21423303462930	50.000000000000	0.00000000000000
3.6900000000000	0.55103573943987	0.21693961546103	50.000000000000	0.00000000000000
3.6955000000000	0.55205715778996	0.21957052525911	50.000000000000	0.00000000000000
3.7010000000000	0.55319219041530	0.22212192207904	50.000000000000	0.00000000000000
3.7065000000000	0.55443408753823	0.22459049060444	50.000000000000	0.00000000000000
3.7120000000000	0.55577611280680	0.22697342432626	50.000000000000	0.00000000000000
3.7175000000000	0.55721157935589	0.22926840515890	50.000000000000	0.00000000000000
3.7230000000000	0.55873388243963	0.23147358096881	50.000000000000	0.00000000000000
3.7285000000000	0.56033652862378	0.23358754146824	50.000000000000	0.00000000000000
3.7340000000000	0.56201316157713	0.23560929289870	50.000000000000	0.00000000000000
3.7395000000000	0.56375758454454	0.23753823189669	50.000000000000	0.00000000000000
3.7450000000000	0.56556377962040	0.23937411889916	50.000000000000	0.00000000000000
3.7505000000000	0.56742592397091	0.24111705140951	50.000000000000	0.00000000000000
3.7560000000000	0.56933840317638	0.24276743740803	50.000000000000	0.00000000000000
3.7615000000000	0.57129582188176	0.24432596915353	50.000000000000	0.00000000000000
3.7670000000000	0.57329301195513	0.24579359758715	50.000000000000	0.00000000000000
3.7725000000000	0.57532503836061	0.24717150751507	50.000000000000	0.00000000000000
3.7780000000000	0.57738720295437	0.24846109371442	50.000000000000	0.00000000000000
3.7835000000000	0.57947504641157	0.24966393807681	50.000000000000	0.00000000000000
3.7890000000000	0.58158434848757	0.25078178787656	50.000000000000	0.00000000000000
3.7945000000000	0.58371112681044	0.25181653522566	50.000000000000	0.00000000000000
3.8000000000000	0.58585163439291	0.25277019775575	50.000000000000	0.00000000000000
3.8055000000000	0.58800235604216	0.25364490054772	50.000000000000	0.00000000000000
3.8110000000000	0.59016000383467	0.25444285931280	50.000000000000	0.00000000000000
3.8165000000000	0.59232151181153	0.25516636481444	50.000000000000	0.00000000000000
3.8220000000000	0.59448403003766	0.25581776850829	50.000000000000	0.00000000000000
3.8275000000000	0.59664491815629	0.25639946936733	50.000000000000	0.00000000000000
3.8330000000000	0.59880173855760	0.25691390185133	50.000000000000	0.00000000000000
3.8385000000000	0.60095224926913	0.25736352497311	50.000000000000	0.00000000000000
3.8440000000000	0.60309439666410	0.25775081240941	50.000000000000	0.00000000000000
3.8495000000000	0.60522630807279	0.25807824360056	50.000000000000	0.00000000000000
3.8550000000000	0.60734628437249	0.25834829578084	50.000000000000	0.00000000000000
3.8605000000000	0.60945279262156	0.25856343687985	50.000000000000	0.00000000000000
3.8660000000000	0.61154445879485	0.25872611923508	50.000000000000	0.00000000000000
3.8715000000000	0.61362006066926	0.25883877405550	50.000000000000	0.00000000000000
3.8770000000000	0.61567852090129	0.25890380657727	50.000000000000	0.00000000000000
3.8825000000000	0.61771890033150	0.25892359185348	50.000000000000	0.00000000000000
3.8880000000000	0.61974039154493	0.25890047112146	50.000000000000	0.00000000000000
3.8935000000000	0.62174231271120	0.25883674869311	50.000000000000	0.00000000000000
3.8990000000000	0.62372410172317	0.25873468931538	50.000000000000	0.00000000000000
3.9045000000000	0.62568531064897	0.25859651595043	50.000000000000	0.00000000000000
3.9100000000000	0.62762560050831	0.25842440792670	50.000000000000	0.00000000000000
3.9155000000000	0.62954473638088	0.25822049941450	50.000000000000	0.00000000000000
3.9210000000000	0.63144258285172	0.25798687818164	50.000000000000	0.00000000000000
3.9265000000000	0.63331909979611	0.25772558458649	50.000000000000	0.00000000000000
3.9320000000000	0.63517433850410	0.25743861076773	50.000000000000	0.00000000000000
3.9375000000000	0.63700843814317	0.25712789999169	50.000000000000	0.00000000000000
3.9430000000000	0.63882162255572	0.25679534611973	50.000000000000	0.00000000000000
3.9485000000000	0.64061419738660	0.25644279315923	50.000000000000	0.00000000000000
3.9540000000000	0.64238654753456	0.25607203486310	50.000000000000	0.00000000000000
3.9595000000000	0.64413913492031	0.25568481434353	50.000000000000	0.00000000000000
3.9650000000000	0.64587249656240	0.25528282366629	50.000000000000	0.00000000000000
3.9705000000000	0.64758724295142	0.25486770339268	50.000000000000	0.00000000000000
3.9760000000000	0.64928405671109	0.25444104203620	50.000000000000	0.00000000000000
3.9815000000000	0.65096369153414	0.25400437540133	50.000000000000	0.00000000000000
3.9870000000000	0.65262697137890	0.25355918577167	50.000000000000	0.00000000000000
3.9925000000000	0.65427478991117	0.25310690091436	50.000000000000	0.00000000000000
3.9980000000000	0.65590811017380	0.25264889286733	50.000000000000	0.00000000000000
4.0035000000000	0.65752796446450	0.25218647647542	50.000000000000	0.00000000000000
4.0090000000000	0.65913545439958	0.25172090764067	50.000000000000	0.00000000000000
4.0145000000000	0.66073175113856	0.25125338125140	50.000000000000	0.00000000000000
4.0200000000000	0.66231809574131	0.25078502875407	50.000000000000	0.00000000000000
4.0255000000000	0.66389579962509	0.25031691533098	50.000000000000	0.00000000000000
4.0310000000000	0.66546624508485	0.24985003664670	50.000000000000	0.00000000000000
4.0365000000000	0.66703088583459	0.24938531512529	50.000000000000	0.00000000000000
4.0420000000000	0.66859124752210	0.24892359572086	50.000000000000	0.00000000000000
4.0475000000000	0.67014892816244	0.24846564114381	50.000000000000	0.00000000000000
4.0530000000000	0.67170559842846	0.24801212650674	50.000000000000	0.00000000000000
4.0585000000000	0.67326300172812	0.24756363335518	50.000000000000	0.00000000000000
4.0640000000000	0.67482295398948	0.24712064305129	50.000000000000	0.00000000000000
4.0695000000000	0.67638734306403	0.24668352948252	50.000000000000	0.00000000000000
4.0750000000000	0.67795812764833	0.24625255107259	50.000000000000	0.00000000000000
4.0805000000000	0.67953733561234	0.24582784207906	50.000000000000	0.00000000000000
4.0860000000000	0.68112706161053	0.24540940317117	50.000000000000	0.00000000000000
4.0915000000000	0.68272946383912	0.24499709129313	50.000000000000	0.00000000000000
4.0970000000000	0.68434675978996	0.24459060883231	50.000000000000	0.00000000000000
4.1025000000000	0.68598122083879	0.24418949212970	50.000000000000	0.00000000000000
4.1080000000000	0.68763516549321	0.24379309939097	50.000000000000	0.00000000000000
4.1135000000000	0.68931095111509	0.24340059808193	50.000000000000	0.00000000000000
4.1190000000000	0.69101096392271	0.24301095192160	50.000000000000	0.00000000000000
4.1245000000000	0.69273760707176	0.24262290762061	50.000000000000	0.00000000000000
4.1300000000000	0.69449328661206	0.24223498155140	50.000000000000	0.00000000000000
4.1355000000000	0.69628039511934	0.24184544658088	50.000000000000	0.00000000000000
4.1410000000000	0.69810129281092	0.24145231934465	50.000000000000	0.00000000000000
4.1465000000000	0.69995828597115	0.24105334829450	50.000000000000	0.00000000000000
4.1520000000000	0.70185360254018	0.24064600290717	50.000000000000	0.00000000000000
4.1575000000000	0.70378936475785	0.24022746450023	50.000000000000	0.00000000000000
4.1630000000000	0.70576755880725	0.23979461915954	50.000000000000	0.00000000000000
4.1685000000000	0.70779000146937	0.23934405333894	50.000000000000	0.00000000000000
4.1740000000000	0.70985830388436	0.23887205274389	50.000000000000	0.00000000000000
4.1795000000000	0.71197383261581	0.23837460515355	50.000000000000	0.00000000000000
4.1850000000000	0.71413766833372	0.23784740786446	50.000000000000	0.00000000000000
4.1905000000000	0.71635056256763	0.23728588045056	50.000000000000	0.00000000000000
4.1960000000000	0.71861289313282	0.23668518352139	50.000000000000	0.00000000000000
4.2015000000000	0.72092461899621	0.23604024411881	50.000000000000	0.00000000000000
4.2070000000000	0.72328523551892	0.23534578831601	50.000000000000	0.00000000000000
4.2125000000000	0.72569373118398	0.23459638146637	50.000000000000	0.00000000000000
4.2180000000000	0.72814854708052	0.23378647638966	50.000000000000	0.00000000000000
4.2235000000000	0.73064754056016	0.23291046957746	50.000000000000	0.00000000000000
4.2290000000000	0.73318795459499	0.23196276524823	50.000000000000	0.00000000000000
4.2345000000000	0.73576639443655	0.23093784678862	50.000000000000	0.00000000000000
4.2400000000000	0.73837881318788	0.22983035478876	50.000000000000	0.00000000000000
4.2455000000000	0.74102050784425	0.22863517052568	50.000000000000	0.00000000000000
4.2510000000000	0.74368612722083	0.22734750338640	50.000000000000	0.00000000000000
4.2565000000000	0.74636969296122	0.22596298036970	50.000000000000	0.00000000000000
4.2620000000000	0.74906463450619	0.22447773548441	50.000000000000	0.00000000000000
4.2675000000000	0.75176383850096	0.22288849659817	50.000000000000	0.00000000000000
4.2730000000000	0.75445971264203	0.22119266710612	50.000000000000	0.00000000000000
4.2785000000000	0.75714426342893	0.21938839970853	50.000000000000	0.00000000000000
4.2840000000000	0.75980918671608	0.21747465962658	50.000000000000	0.00000000000000
4.2895000000000	0.76244596938674	0.21545127475922	50.000000000000	0.00000000000000
4.2950000000000	0.76504599992838	0.21331897059435	50.000000000000	0.00000000000000
4.3005000000000	0.76760068521253	0.21107938812823	50.000000000000	0.00000000000000
4.3060000000000	0.77010157040770	0.20873508360091	50.000000000000	0.00000000000000
4.3115000000000	0.77254045870888	0.20628950949698	50.000000000000	0.00000000000000
4.3170000000000	0.77490952747479	0.20374697695437	50.000000000000	0.00000000000000
4.3225000000000	0.77720143743451	0.20111260043036	50.000000000000	0.00000000000000
4.3280000000000	0.77940943185889	0.19839222614909	50.000000000000	0.00000000000000
4.3335000000000	0.78152742297578	0.19559234645990	50.000000000000	0.00000000000000
4.3390000000000	0.78355006341987	0.19272000273256	50.000000000000	0.00000000000000
4.3445000000000	0.78547280111299	0.18978267977766	50.000000000000	0.00000000000000
4.3500000000000	0.78729191663310	0.18678819499002	50.000000000000	0.00000000000000
4.3555000000000	0.78900454280693	0.18374458546390	50.000000000000	0.00000000000000
4.3610000000000	0.79060866691385	0.18065999622752	50.000000000000	0.00000000000000
4.3665000000000	0.79210311648031	0.17754257250570	50.000000000000	0.00000000000000
4.3720000000000	0.79348753014791	0.17440035856844	50.000000000000	0.00000000000000
4.3775000000000	0.79476231549211	0.17124120528871	50.000000000000	0.00000000000000
4.3830000000000	0.79592859594406	0.16807268804692	50.000000000000	0.00000000000000
4.3885000000000	0.79698814912138	0.16490203611403	50.000000000000	0.00000000000000
4.3940000000000	0.79794333891339	0.16173607414976	50.000000000000	0.00000000000000
4.3995000000000	0.79879704360314	0.15858117598980	50.000000000000	0.00000000000000
4.4050000000000	0.79955258216148	0.15544323048674	50.000000000000	0.00000000000000
4.4105000000000	0.80021364063586	0.15232761882565	50.000000000000	0.00000000000000
4.4160000000000	0.80078420030000	0.14923920246274	50.000000000000	0.00000000000000
4.4215000000000	0.80126846894826	0.14618232063756	50.000000000000	0.00000000000000
4.4270000000000	0.80167081642920	0.14316079628047	50.000000000000	0.00000000000000
4.4325000000000	0.80199571523009	0.14017794907297	50.000000000000	0.00000000000000
4.4380000000000	0.80224768665961	0.13723661440933	50.000000000000	0.00000000000000
4.4435000000000	0.80243125293813	0.13433916704384	50.000000000000	0.00000000000000
4.4490000000000	0.80255089529832	0.13148754827948	50.000000000000	0.00000000000000
4.4545000000000	0.80261101802660	0.12868329564988	50.000000000000	0.00000000000000
4.4600000000000	0.80261591823694	0.12592757415947	50.000000000000	0.00000000000000
4.4655000000000	0.80256976106343	0.12322120826755	50.000000000000	0.00000000000000
4.4710000000000	0.80247655988140	0.12056471392538	50.000000000000	0.00000000000000
4.4765000000000	0.80234016111804	0.11795833009534	50.000000000000	0.00000000000000
4.4820000000000	0.80216423318627	0.11540204929463	50.000000000000	0.00000000000000
4.4875000000000	0.80195225906777	0.11289564680983	50.000000000000	0.00000000000000
4.4930000000000	0.80170753207752	0.11043870832165	50.000000000000	0.00000000000000
4.4985000000000	0.80143315436061	0.10803065576039	50.000000000000	0.00000000000000
4.5040000000000	0.80113203769805	0.10567077128213	50.000000000000	0.00000000000000
4.5095000000000	0.80080690623063	0.10335821931384	50.000000000000	0.00000000000000
4.5150000000000	0.80046030074452	0.10109206666274	50.000000000000	0.00000000000000
4.5205000000000	0.80009458419922	0.098871300723387	50.000000000000	0.00000000000000
4.5260000000000	0.79971194821519	0.096694845844724	50.000000000000	0.00000000000000
4.5315000000000	0.79931442027379	0.094561577941043	50.000000000000	0.00000000000000
4.5370000000000	0.79890387141619	0.092470337446168	50.000000000000	0.00000000000000
4.5425000000000	0.79848202425946	0.090419940719723	50.000000000000	0.00000000000000
4.5480000000000	0.79805046117653	0.088409190020008	50.000000000000	0.00000000000000
4.5535000000000	0.79761063251318	0.086436882160026	50.000000000000	0.00000000000000
4.5590000000000	0.79716386473811	0.084501815961803	50.000000000000	0.00000000000000
4.5645000000000	0.79671136844271	0.082602798621881	50.000000000000	0.00000000000000
4.5700000000000	0.79625424612504	0.080738651095752	50.000000000000	0.00000000000000
4.5755000000000	0.79579349970773	0.078908212603579	50.000000000000	0.00000000000000
4.5810000000000	0.79533003775289	0.077110344353128	50.000000000000	0.00000000000000
4.5865000000000	0.79486468234796	0.075343932569116	50.000000000000	0.00000000000000
4.5920000000000	0.79439817564590	0.073607890910962	50.000000000000	0.00000000000000
4.5975000000000	0.79393118605065	0.071901162354477	50.000000000000	0.00000000000000
4.6030000000000	0.79346431404516	0.070222720605615	50.000000000000	0.00000000000000
4.6085000000000	0.79299809766426	0.068571571108357	50.000000000000	0.00000000000000
4.6140000000000	0.79253301761847	0.066946751702478	50.000000000000	0.00000000000000
4.6195000000000	0.79206950207829	0.065347332980922	50.000000000000	0.00000000000000
4.6250000000000	0.79160793113064	0.063772418391496	50.000000000000	0.00000000000000
4.6305000000000	0.79114864092054	0.062221144122145	50.000000000000	0.00000000000000
4.6360000000000	0.79069192749284	0.060692678804911	50.000000000000	0.00000000000000
4.6415000000000	0.79023805034915	0.059186223069288	50.000000000000	0.00000000000000
4.6470000000000	0.78978723573548	0.057701008971689	50.000000000000	0.00000000000000
4.6525000000000	0.78933967967657	0.056236299325105	50.000000000000	0.00000000000000
4.6580000000000	0.78889555077222	0.054791386948927	50.000000000000	0.00000000000000
4.6635000000000	0.78845499277110	0.053365593857015	50.000000000000	0.00000000000000
4.6690000000000	0.78801812693683	0.051958270399259	50.000000000000	0.00000000000000
4.6745000000000	0.78758505422059	0.050568794369788	50.000000000000	0.00000000000000
4.6800000000000	0.78715585725408	0.049196570093147	50.000000000000	0.00000000000000
4.6855000000000	0.78673060217566	0.047841027497903	50.000000000000	0.00000000000000
4.6910000000000	0.78630934030238	0.046501621185861	50.000000000000	0.00000000000000
4.6965000000000	0.78589210965911	0.045177829503678	50.000000000000	0.00000000000000
4.7020000000000	0.78547893637618	0.043869153622451	50.000000000000	0.00000000000000
4.7075000000000	0.78506983596548	0.042575116630062	50.000000000000	0.00000000000000
4.7130000000000	0.78466481448494	0.041295262639789	50.000000000000	0.00000000000000
4.7185000000000	0.78426386959982	0.040029155918815	50.000000000000	0.00000000000000
4.7240000000000	0.78386699155008	0.038776380038312	50.000000000000	0.00000000000000
4.7295000000000	0.78347416403031	0.037536537047561	50.000000000000	0.00000000000000
4.7350000000000	0.78308536499068	0.036309246673246	50.000000000000	0.00000000000000
4.7405000000000	0.78270056736461	0.035094145544829	50.000000000000	0.00000000000000
4.7460000000000	0.78231973972970	0.033890886446878	50.000000000000	0.00000000000000
4.7515000000000	0.78194284690765	0.032699137598457	50.000000000000	0.00000000000000
4.7570000000000	0.78156985050811	0.031518581959917	50.000000000000	0.00000000000000
4.7625000000000	0.78120070942162	0.030348916566788	50.000000000000	0.00000000000000
4.7680000000000	0.78083538026568	0.029189851890634	50.000000000000	0.00000000000000
4.7735000000000	0.78047381778838	0.028041111226503	50.000000000000	0.00000000000000
4.7790000000000	0.78011597523313	0.026902430106309	50.000000000000	0.00000000000000
4.7845000000000	0.77976180466808	0.025773555737740	50.000000000000	0.00000000000000
4.7900000000000	0.77941125728295	0.024654246467788	50.000000000000	0.00000000000000
4.7955000000000	0.77906428365698	0.023544271270501	50.000000000000	0.00000000000000
4.8010000000000	0.77872083399972	0.022443409257928	50.000000000000	0.00000000000000
4.8065000000000	0.77838085836782	0.021351449213478	50.000000000000	0.00000000000000
4.8120000000000	0.77804430685964	0.020268189147148	50.000000000000	0.00000000000000
4.8175000000000	0.77771112978982	0.019193435871478	50.000000000000	0.00000000000000
4.8230000000000	0.77738127784573	0.018127004597700	50.000000000000	0.00000000000000
4.8285000000000	0.77705470222745	0.017068718551004	50.000000000000	0.00000000000000
4.8340000000000	0.77673135477290	0.016018408604472	50.000000000000	0.00000000000000
4.8395000000000	0.77641118806950	0.014975912930382	50.000000000000	0.00000000000000
4.8450000000000	0.77609415555353	0.013941076668797	50.000000000000	0.00000000000000
4.8505000000000	0.77578021159879	0.012913751611957	50.000000000000	0.00000000000000
4.8560000000000	0.77546931159521	0.011893795904314	50.000000000000	0.00000000000000
4.8615000000000	0.77516141201865	0.010881073757209	50.000000000000	0.00000000000000
4.8670000000000	0.77485647049275	0.0098754551775503	50.000000000000	0.00000000000000
4.8725000000000	0.77455444584372	0.0088768157099077	50.000000000000	0.00000000000000
4.8780000000000	0.77425529814866	0.0078850361913349	50.000000000000	0.00000000000000
4.8835000000000	0.77395898877842	0.0069000025182287	50.000000000000	0.00000000000000
4.8890000000000	0.77366548043532	0.0059216054248091	50.000000000000	0.00000000000000
4.8945000000000	0.77337473718652	0.0049497402725255	50.000000000000	0.00000000000000
4.9000000000000	0.77308672449352	0.0039843068498246	50.000000000000	0.00000000000000
4.9055000000000	0.77280140923825	0.0030252091818817	50.000000000000	0.00000000000000
4.9110000000000	0.77251875974634	0.0020723553497258	50.000000000000	0.00000000000000
4.9165000000000	0.77223874580778	0.0011256573181857	50.000000000000	0.00000000000000
4.9220000000000	0.77196133869555	0.00018503077250454	50.000000000000	0.00000000000000
4.9275000000000	0.77168651118239	-0.00074960503728830	50.000000000000	0.00000000000000
4.9330000000000	0.77141423755629	-0.0016783274441706	50.000000000000	0.00000000000000
4.9385000000000	0.77114449363469	-0.0026012105047554	50.000000000000	0.00000000000000
4.9440000000000	0.77087725677798	-0.0035183251331795	50.000000000000	0.00000000000000
4.9495000000000	0.77061250590226	-0.0044297392283584	50.000000000000	0.00000000000000
4.9550000000000	0.77035022149192	-0.0053355177953591	50.000000000000	0.00000000000000
4.9605000000000	0.77009038561194	-0.0062357230606712	50.000000000000	0.00000000000000
4.9660000000000	0.76983298192040	-0.0071304145822711	50.000000000000	0.00000000000000
4.9715000000000	0.76957799568126	-0.0080196493543773	50.000000000000	0.00000000000000
4.9770000000000	0.76932541377754	-0.0089034819073867	50.000000000000	0.00000000000000
4.9825000000000	0.76907522472529	-0.0097819644032203	50.000000000000	0.00000000000000
4.9880000000000	0.76882741868832	-0.010655146726285	50.000000000000	0.00000000000000
4.9935000000000	0.76858198749395	-0.011523076570502	50.000000000000	0.00000000000000
4.9990000000000	0.76833892464986	-0.012385799522410	50.000000000000	0.00000000000000
5.0045000000000	0.76809822536232	-0.013243359140777	50.000000000000	0.00000000000000
5.0100000000000	0.76785988655584	-0.014095797032848	50.000000000000	0.00000000000000
5.0155000000000	0.76762390689445	-0.014943152927567	50.000000000000	0.00000000000000
5.0210000000000	0.76739028680470	-0.015785464745863	50.000000000000	0.00000000000000
5.0265000000000	0.76715902850052	-0.016622768668326	50.000000000000	0.00000000000000
5.0320000000000	0.76693013601023	-0.017455099200450	50.000000000000	0.00000000000000
5.0375000000000	0.76670361520555	-0.018282489235720	50.000000000000	0.00000000000000
5.0430000000000	0.76647947383312	-0.019104970116581	50.000000000000	0.00000000000000
5.0485000000000	0.76625772154831	-0.019922571693744	50.000000000000	0.00000000000000
5.0540000000000	0.76603836995181	-0.020735322383846	50.000000000000	0.00000000000000
5.0595000000000	0.76582143262883	-0.021543249225823	50.000000000000	0.00000000000000
5.0650000000000	0.76560692519133	-0.022346377936023	50.000000000000	0.00000000000000
5.0705000000000	0.76539486532332	-0.023144732962563	50.000000000000	0.00000000000000
5.0760000000000	0.76518527282938	-0.023938337538803	50.000000000000	0.00000000000000
5.0815000000000	0.76497816968655	-0.024727213736490	50.000000000000	0.00000000000000
5.0870000000000	0.76477358009997	-0.025511382518624	50.000000000000	0.00000000000000
5.0925000000000	0.76457153056219	-0.026290863792335	50.000000000000	0.00000000000000
5.0980000000000	0.76437204991639	-0.027065676462018	50.000000000000	0.00000000000000
5.1035000000000	0.76417516942400	-0.027835838483027	50.000000000000	0.00000000000000
5.1090000000000	0.76398092283646	-0.028601366916171	50.000000000000	0.00000000000000
5.1145000000000	0.76378934647174	-0.029362277983340	50.000000000000	0.00000000000000
5.1200000000000	0.76360047929565	-0.030118587124543	50.000000000000	0.00000000000000
5.1255000000000	0.76341436300819	-0.030870309056732	50.000000000000	0.00000000000000
5.1310000000000	0.76323104213526	-0.031617457834690	50.000000000000	0.00000000000000
5.1365000000000	0.76305056412596	-0.032360046914467	50.000000000000	0.00000000000000
5.1420000000000	0.76287297945567	-0.033098089219729	50.000000000000	0.00000000000000
5.1475000000000	0.76269834173535	-0.033831597211363	50.000000000000	0.00000000000000
5.1530000000000	0.76252670782723	-0.034560582961018	50.000000000000	0.00000000000000
5.1585000000000	0.76235813796722	-0.035285058228852	50.000000000000	0.00000000000000
5.1640000000000	0.76219269589444	-0.036005034546249	50.000000000000	0.00000000000000
5.1695000000000	0.76203044898806	-0.036720523303937	50.000000000000	0.00000000000000
5.1750000000000	0.76187146841194	-0.037431535846260	50.000000000000	0.00000000000000
5.1805000000000	0.76171582926730	-0.038138083572273	50.000000000000	0.00000000000000
5.1860000000000	0.76156361075392	-0.038840178044410	50.000000000000	0.00000000000000
5.1915000000000	0.76141489634002	-0.039537831105570	50.000000000000	0.00000000000000
5.1970000000000	0.76126977394156	-0.040231055005572	50.000000000000	0.00000000000000
5.2025000000000	0.76112833611093	-0.040919862537863	50.000000000000	0.00000000000000
5.2080000000000	0.76099068023574	-0.041604267187698	50.000000000000	0.00000000000000
5.2135000000000	0.76085690874802	-0.042284283292857	50.000000000000	0.00000000000000
5.2190000000000	0.76072712934405	-0.042959926218256	50.000000000000	0.00000000000000
5.2245000000000	0.76060145521556	-0.043631212545831	50.000000000000	0.00000000000000
5.2300000000000	0.76048000529228	-0.044298160281257	50.000000000000	0.00000000000000
5.2355000000000	0.76036290449653	-0.044960789079187	50.000000000000	0.00000000000000
5.2410000000000	0.76025028400993	-0.045619120488843	50.000000000000	0.00000000000000
5.2465000000000	0.76014228155271	-0.046273178221994	50.000000000000	0.00000000000000
5.2520000000000	0.76003904167583	-0.046922988445529	50.000000000000	0.00000000000000
5.2575000000000	0.75994071606601	-0.047568580101041	50.000000000000	0.00000000000000
5.2630000000000	0.75984746386394	-0.048209985254078	50.000000000000	0.00000000000000
5.2685000000000	0.75975945199569	-0.048847239475945	50.000000000000	0.00000000000000
5.2740000000000	0.75967685551714	-0.049480382261239	50.000000000000	0.00000000000000
5.2795000000000	0.75959985797138	-0.050109457484570	50.000000000000	0.00000000000000
5.2850000000000	0.75952865175869	-0.050734513900266	50.000000000000	0.00000000000000
5.2905000000000	0.75946343851844	-0.051355605689169	50.000000000000	0.00000000000000
5.2960000000000	0.75940442952229	-0.051972793057084	50.000000000000	0.00000000000000
5.3015000000000	0.75935184607761	-0.052586142889762	50.000000000000	0.00000000000000
5.3070000000000	0.75930591993962	-0.053195729469782	50.000000000000	0.00000000000000
5.3125000000000	0.75926689373064	-0.053801635261218	50.000000000000	0.00000000000000
5.3180000000000	0.75923502136417	-0.054403951768363	50.000000000000	0.00000000000000
5.3235000000000	0.75921056847103	-0.055002780475483	50.000000000000	0.00000000000000
5.3290000000000	0.75919381282424	-0.055598233874985	50.000000000000	0.00000000000000
5.3345000000000	0.75918504475844	-0.056190436592150	50.000000000000	0.00000000000000
5.3400000000000	0.75918456757902	-0.056779526615050	50.000000000000	0.00000000000000
5.3455000000000	0.75919269795478	-0.057365656639129	50.000000000000	0.00000000000000
5.3510000000000	0.75920976628716	-0.057948995536337	50.000000000000	0.00000000000000
5.3565000000000	0.75923611704753	-0.058529729959769	50.000000000000	0.00000000000000
5.3620000000000	0.75927210907236	-0.059108066094948	50.000000000000	0.00000000000000
5.3675000000000	0.75931811580456	-0.059684231570104	50.000000000000	0.00000000000000
5.3730000000000	0.75937452546704	-0.060258477537947	50.000000000000	0.00000000000000
5.3785000000000	0.75944174115207	-0.060831080942223	50.000000000000	0.00000000000000
5.3840000000000	0.75952018080756	-0.061402346982868	50.000000000000	0.00000000000000
5.3895000000000	0.75961027709786	-0.061972611793492	50.000000000000	0.00000000000000
5.3950000000000	0.75971247711359	-0.062542245345554	50.000000000000	0.00000000000000
5.4005000000000	0.75982724190064	-0.063111654592836	50.000000000000	0.00000000000000
5.4060000000000	0.75995504577388	-0.063681286869854	50.000000000000	0.00000000000000
5.4115000000000	0.76009637537639	-0.064251633556173	50.000000000000	0.00000000000000
5.4170000000000	0.76025172843878	-0.064823234017770	50.000000000000	0.00000000000000
5.4225000000000	0.76042161218730	-0.065396679833502	50.000000000000	0.00000000000000
5.4280000000000	0.76060654134185	-0.065972619312033	50.000000000000	0.00000000000000
5.4335000000000	0.76080703563786	-0.066551762299885	50.000000000000	0.00000000000000
5.4390000000000	0.76102361679710	-0.067134885275642	50.000000000000	0.00000000000000
5.4445000000000	0.76125680486414	-0.067722836717837	50.000000000000	0.00000000000000
5.4500000000000	0.76150711381506	-0.068316542724540	50.000000000000	0.00000000000000
5.4555000000000	0.76177504633591	-0.068917012850955	50.000000000000	0.00000000000000
5.4610000000000	0.76206108765803	-0.069525346116489	50.000000000000	0.00000000000000
5.4665000000000	0.76236569832831	-0.070142737114993	50.000000000000	0.00000000000000
5.4720000000000	0.76268930578316	-0.070770482139822	50.000000000000	0.00000000000000
5.4775000000000	0.76303229458815	-0.071409985209770	50.000000000000	0.00000000000000
5.4830000000000	0.76339499519974	-0.072062763850780	50.000000000000	0.00000000000000
5.4885000000000	0.76377767110386	-0.072730454452365	50.000000000000	0.00000000000000
5.4940000000000	0.76418050418933	-0.073414816975998	50.000000000000	0.00000000000000
5.4995000000000	0.76460357822302	-0.074117738745410	50.000000000000	0.00000000000000
5.5050000000000	0.76504686031156	-0.074841236995258	50.000000000000	0.00000000000000
5.5105000000000	0.76551018026256	-0.075587459796470	50.000000000000	0.00000000000000
5.5160000000000	0.76599320780043	-0.076358684913982	50.000000000000	0.00000000000000
5.5215000000000	0.76649542764957	-0.077157316086838	50.000000000000	0.00000000000000
5.5270000000000	0.76701611257565	-0.077985876156450	50.000000000000	0.00000000000000
5.5325000000000	0.76755429457601	-0.078846996406523	50.000000000000	0.00000000000000
5.5380000000000	0.76810873453623	-0.079743401426828	50.000000000000	0.00000000000000
5.5435000000000	0.76867789082358	-0.080677888775986	50.000000000000	0.00000000000000
5.5490000000000	0.76925988747144	-0.081653302706516	50.000000000000	0.00000000000000
5.5545000000000	0.76985248281932	-0.082672501236743	50.000000000000	0.00000000000000
5.5600000000000	0.77045303970968	-0.083738315922984	50.000000000000	0.00000000000000
5.5655000000000	0.77105849859627	-0.084853503811309	50.000000000000	0.00000000000000
5.5710000000000	0.77166535517951	-0.086020691246944	50.000000000000	0.00000000000000
5.5765000000000	0.77226964443445	-0.087242309501505	50.000000000000	0.00000000000000
5.5820000000000	0.77286693311407	-0.088520522552855	50.000000000000	0.00000000000000
5.5875000000000	0.77345232296652	-0.089857147824464	50.000000000000	0.00000000000000
5.5930000000000	0.77402046696388	-0.091253571255165	50.000000000000	0.00000000000000
5.5985000000000	0.77456560076804	-0.092710658712807	50.000000000000	0.00000000000000
5.6040000000000	0.77508159141394	-0.094228666457439	50.000000000000	0.00000000000000
5.6095000000000	0.77556200474267	-0.095807154057527	50.000000000000	0.00000000000000
5.6150000000000	0.77600019244198	-0.097444903806891	50.000000000000	0.00000000000000
5.6205000000000	0.77638939864253	-0.099139851207405	50.000000000000	0.00000000000000
5.6260000000000	0.77672288489707	-0.10088903138975	50.000000000000	0.00000000000000
5.6315000000000	0.77699407108082	-0.10268854635931	50.000000000000	0.00000000000000
5.6370000000000	0.77719668837884	-0.10453355760358	50.000000000000	0.00000000000000
5.6425000000000	0.77732493918063	-0.10641830783159	50.000000000000	0.00000000000000
5.6480000000000	0.77737365751941	-0.10833617442451	50.000000000000	0.00000000000000
5.6535000000000	0.77733846281960	-0.11027975559457	50.000000000000	0.00000000000000
5.6590000000000	0.77721589928726	-0.11224098836836	50.000000000000	0.00000000000000
5.6645000000000	0.77700355340283	-0.11421129547164	50.000000000000	0.00000000000000
5.6700000000000	0.77670014270784	-0.11618175617790	50.000000000000	0.00000000000000
5.6755000000000	0.77630557040854	-0.11814329439455	50.000000000000	0.00000000000000
5.6810000000000	0.77582094216469	-0.12008687589165	50.000000000000	0.00000000000000
5.6865000000000	0.77524854363987	-0.12200370578920	50.000000000000	0.00000000000000
5.6920000000000	0.77459177975791	-0.12388541730522	50.000000000000	0.00000000000000
5.6975000000000	0.77385507891091	-0.12572424335094	50.000000000000	0.00000000000000
5.7030000000000	0.77304376737827	-0.12751316377817	50.000000000000	0.00000000000000
5.7085000000000	0.77216392076066	-0.12924602280387	50.000000000000	0.00000000000000
5.7140000000000	0.77122220018692	-0.13091761317464	50.000000000000	0.00000000000000
5.7195000000000	0.77022568136861	-0.13252372577771	50.000000000000	0.00000000000000
5.7250000000000	0.76918168428293	-0.13406116545523	50.000000000000	0.00000000000000
5.7305000000000	0.76809761045199	-0.13552773556193	50.000000000000	0.00000000000000
5.7360000000000	0.76698079358663	-0.13692219520166	50.000000000000	0.00000000000000
5.7415000000000	0.76583836793299	-0.13824419402166	50.000000000000	0.00000000000000
5.7470000000000	0.76467715715305	-0.13949418992554	50.000000000000	0.00000000000000
5.7525000000000	0.76350358512030	-0.14067335512635	50.000000000000	0.00000000000000
5.7580000000000	0.76232360872197	-0.14178347567057	50.000000000000	0.00000000000000
5.7635000000000	0.76114267169857	-0.14282684901219	50.000000000000	0.00000000000000
5.7690000000000	0.75996567775019	-0.14380618349837	50.000000000000	0.00000000000000
5.7745000000000	0.75879698060110	-0.14472450283071	50.000000000000	0.00000000000000
5.7800000000000	0.75764038841629	-0.14558505776369	50.000000000000	0.00000000000000
5.7855000000000	0.75649917987309	-0.14639124654906	50.000000000000	0.00000000000000
5.7910000000000	0.75537612926108	-0.14714654496938	50.000000000000	0.00000000000000
5.7965000000000	0.75427353817259	-0.14785444624895	50.000000000000	0.00000000000000
5.8020000000000	0.75319327161163	-0.14851841068775	50.000000000000	0.00000000000000
5.8075000000000	0.75213679665471	-0.14914182453695	50.000000000000	0.00000000000000
5.8130000000000	0.75110522211593	-0.14972796740607	50.000000000000	0.00000000000000
5.8185000000000	0.75009933797891	-0.15027998735388	50.000000000000	0.00000000000000
5.8240000000000	0.74911965364403	-0.15080088274574	50.000000000000	0.00000000000000
5.8295000000000	0.74816643429547	-0.15129348994858	50.000000000000	0.00000000000000
5.8350000000000	0.74723973491018	-0.15176047596226	50.000000000000	0.00000000000000
5.8405000000000	0.74633943161369	-0.15220433514338	50.000000000000	0.00000000000000
5.8460000000000	0.74546525023366	-0.15262738925081	50.000000000000	0.00000000000000
5.8515000000000	0.74461679201761	-0.15303179012702	50.000000000000	0.00000000000000
5.8570000000000	0.74379355656643	-0.15341952441453	50.000000000000	0.00000000000000
5.8625000000000	0.74299496209904	-0.15379241979240	50.000000000000	0.00000000000000
5.8680000000000	0.74222036320486	-0.15415215229806	50.000000000000	0.00000000000000
5.8735000000000	0.74146906626797	-0.15450025437272	50.000000000000	0.00000000000000
5.8790000000000	0.74074034276102	-0.15483812333555	50.000000000000	0.00000000000000
5.8845000000000	0.74003344061045	-0.15516703004919	50.000000000000	0.00000000000000
5.8900000000000	0.73934759383314	-0.15548812758960	50.000000000000	0.00000000000000
5.8955000000000	0.73868203063612	-0.15580245977626	50.000000000000	0.00000000000000
5.9010000000000	0.73803598016048	-0.15611096945391	50.000000000000	0.00000000000000
5.9065000000000	0.73740867803747	-0.15641450644769	50.000000000000	0.00000000000000
5.9120000000000	0.73679937091069	-0.15671383513695	50.000000000000	0.00000000000000
5.9175000000000	0.73620732006376	-0.15700964161321	50.000000000000	0.00000000000000
5.9230000000000	0.73563180427906	-0.15730254040301	50.000000000000	0.00000000000000
5.9285000000000	0.73507212203870	-0.15759308074889	50.000000000000	0.00000000000000
5.9340000000000	0.73452759316684	-0.15788175245064	50.000000000000	0.00000000000000
5.9395000000000	0.73399755999987	-0.15816899127653	50.000000000000	0.00000000000000
5.9450000000000	0.73348138816043	-0.15845518395914	50.000000000000	0.00000000000000
5.9505000000000	0.73297846700126	-0.15874067279377	50.000000000000	0.00000000000000
5.9560000000000	0.73248820977592	-0.15902575986035	50.000000000000	0.00000000000000
5.9615000000000	0.73201005358552	-0.15931071089057	50.000000000000	0.00000000000000
5.9670000000000	0.73154345914392	-0.15959575880309	50.000000000000	0.00000000000000
5.9725000000000	0.73108791039691	-0.15988110692950	50.000000000000	0.00000000000000
5.9780000000000	0.73064291402661	-0.16016693195340	50.000000000000	0.00000000000000
5.9835000000000	0.73020799886653	-0.16045338658443	50.000000000000	0.00000000000000
5.9890000000000	0.72978271524939	-0.16074060198807	50.000000000000	0.00000000000000
5.9945000000000	0.72936663430596	-0.16102868999094	50.000000000000	0.00000000000000
6.0000000000000	0.72895934723014	-0.16131774508046	50.000000000000	0.00000000000000
