#Parameters = {Disk_Antenna_1_S11_target_top=-17; Disk_Antenna_1_center_frequency=2.45; Disk_Antenna_1_central_pipe_radius=2.5; Disk_Antenna_1_connector_inner_diameter=1.74; Disk_Antenna_1_connector_outer_diameter=4; Disk_Antenna_1_direction_disks_diameter_1=53.5; Disk_Antenna_1_direction_disks_diameter_2=40.3; Disk_Antenna_1_direction_disks_diameter_3=38.5; Disk_Antenna_1_direction_disks_diameter_4=38.5; Disk_Antenna_1_direction_disks_diameter_5=34.5; Disk_Antenna_1_disk_metallization_thickness=0.5; Disk_Antenna_1_frequency_range=0.15; Disk_Antenna_1_inter_direction_disks_distance_1=30.7; Disk_Antenna_1_inter_direction_disks_distance_2=30.7; Disk_Antenna_1_inter_direction_disks_distance_3=29.4; Disk_Antenna_1_inter_direction_disks_distance_4=29.4; Disk_Antenna_1_line_direction_disk_distance=11.3; Disk_Antenna_1_line_disk_diameter=68.3; Disk_Antenna_1_main_line_disks_distance=9.7; Disk_Antenna_1_main_reflector_diameter=90.2; Disk_Antenna_1_number_direction_disk=5; Disk_Antenna_1_nut_diameter=8; Disk_Antenna_1_nut_height=1; Disk_Antenna_1_nut_thickness=3; Disk_Antenna_1_optimisation_range=0.1; Disk_Antenna_1_port_connection_offset=24.8}
#"Frequency / GHz"	"S1,1 [Re]"	"S1,1 [Im]"	"Ref.Imp. [Re]"	"Ref.Imp. [Im]"
#-------------------------------------------------------------------------
0.50000000000000	-0.21493950838103	0.93453284636323	50.000000000000	0.00000000000000
0.50550000000000	-0.20204249602523	0.93688484450858	50.000000000000	0.00000000000000
0.51100000000000	-0.18910705460669	0.93904946013466	50.000000000000	0.00000000000000
0.51650000000000	-0.17613486088856	0.94102516926954	50.000000000000	0.00000000000000
0.52200000000000	-0.16312761027877	0.94281039476417	50.000000000000	0.00000000000000
0.52750000000000	-0.15008702032618	0.94440350296167	50.000000000000	0.00000000000000
0.53300000000000	-0.13701483455359	0.94580280031580	50.000000000000	0.00000000000000
0.53850000000000	-0.12391282665401	0.94700652996763	50.000000000000	0.00000000000000
0.54400000000000	-0.11078280507836	0.94801286829111	50.000000000000	0.00000000000000
0.54950000000000	-0.097626618044771	0.94881992142146	50.000000000000	0.00000000000000
0.55500000000000	-0.084446159002365	0.94942572178128	50.000000000000	0.00000000000000
0.56050000000000	-0.071243372584044	0.94982822462488	50.000000000000	0.00000000000000
0.56600000000000	-0.058020261085425	0.95002530462162	50.000000000000	0.00000000000000
0.57150000000000	-0.044778891510029	0.95001475250602	50.000000000000	0.00000000000000
0.57700000000000	-0.031521403222055	0.94979427182570	50.000000000000	0.00000000000000
0.58250000000000	-0.018250016251772	0.94936147582300	50.000000000000	0.00000000000000
0.58800000000000	-0.0049670403002388	0.94871388449361	50.000000000000	0.00000000000000
0.59350000000000	0.0083251155074970	0.94784892187098	50.000000000000	0.00000000000000
0.59900000000000	0.021623932069365	0.94676391359427	50.000000000000	0.00000000000000
0.60450000000000	0.034926768900832	0.94545608482583	50.000000000000	0.00000000000000
0.61000000000000	0.048230851821710	0.94392255859431	50.000000000000	0.00000000000000
0.61550000000000	0.061533259680764	0.94216035465102	50.000000000000	0.00000000000000
0.62100000000000	0.074830910062560	0.94016638894020	50.000000000000	0.00000000000000
0.62650000000000	0.088120543920932	0.93793747379717	50.000000000000	0.00000000000000
0.63200000000000	0.10139870908784	0.93547031900543	50.000000000000	0.00000000000000
0.63750000000000	0.11466174260745	0.93276153386183	50.000000000000	0.00000000000000
0.64300000000000	0.12790575185116	0.92980763041620	50.000000000000	0.00000000000000
0.64850000000000	0.14112659437873	0.92660502807812	50.000000000000	0.00000000000000
0.65400000000000	0.15431985651779	0.92315005980224	50.000000000000	0.00000000000000
0.65950000000000	0.16748083065154	0.91943898009491	50.000000000000	0.00000000000000
0.66500000000000	0.18060449121861	0.91546797510754	50.000000000000	0.00000000000000
0.67050000000000	0.19368546945597	0.91123317511832	50.000000000000	0.00000000000000
0.67600000000000	0.20671802694073	0.90673066973102	50.000000000000	0.00000000000000
0.68150000000000	0.21969602802520	0.90195652615570	50.000000000000	0.00000000000000
0.68700000000000	0.23261291130156	0.89690681097045	50.000000000000	0.00000000000000
0.69250000000000	0.24546166028679	0.89157761579708	50.000000000000	0.00000000000000
0.69800000000000	0.25823477358195	0.88596508735778	50.000000000000	0.00000000000000
0.70350000000000	0.27092423483666	0.88006546241144	50.000000000000	0.00000000000000
0.70900000000000	0.28352148293982	0.87387510809471	50.000000000000	0.00000000000000
0.71450000000000	0.29601738296406	0.86739056821351	50.000000000000	0.00000000000000
0.72000000000000	0.30840219851395	0.86060861604168	50.000000000000	0.00000000000000
0.72550000000000	0.32066556627087	0.85352631418026	50.000000000000	0.00000000000000
0.73100000000000	0.33279647368644	0.84614108200952	50.000000000000	0.00000000000000
0.73650000000000	0.34478324096027	0.83845077122152	50.000000000000	0.00000000000000
0.74200000000000	0.35661350863583	0.83045374984529	50.000000000000	0.00000000000000
0.74750000000000	0.36827423236812	0.82214899506304	50.000000000000	0.00000000000000
0.75300000000000	0.37975168665014	0.81353619495568	50.000000000000	0.00000000000000
0.75850000000000	0.39103147952731	0.80461585909826	50.000000000000	0.00000000000000
0.76400000000000	0.40209858057466	0.79538943764235	50.000000000000	0.00000000000000
0.76950000000000	0.41293736464591	0.78585944815942	50.000000000000	0.00000000000000
0.77500000000000	0.42353167411455	0.77602960906982	50.000000000000	0.00000000000000
0.78050000000000	0.43386490249271	0.76590497793360	50.000000000000	0.00000000000000
0.78600000000000	0.44392010241063	0.75549209222825	50.000000000000	0.00000000000000
0.79150000000000	0.45368012093556	0.74479910948050	50.000000000000	0.00000000000000
0.79700000000000	0.46312776507043	0.73383594275848	50.000000000000	0.00000000000000
0.80250000000000	0.47224599995542	0.72261438658118	50.000000000000	0.00000000000000
0.80800000000000	0.48101818175820	0.71114822728501	50.000000000000	0.00000000000000
0.81350000000000	0.48942832643301	0.69945333084480	50.000000000000	0.00000000000000
0.81900000000000	0.49746141441179	0.68754770013023	50.000000000000	0.00000000000000
0.82450000000000	0.50510372982748	0.67545149266688	50.000000000000	0.00000000000000
0.83000000000000	0.51234323103553	0.66318698925650	50.000000000000	0.00000000000000
0.83550000000000	0.51916994699880	0.65077850340762	50.000000000000	0.00000000000000
0.84100000000000	0.52557639155893	0.63825222156801	50.000000000000	0.00000000000000
0.84650000000000	0.53155798481061	0.62563596477004	50.000000000000	0.00000000000000
0.85200000000000	0.53711346784091	0.61295886363135	50.000000000000	0.00000000000000
0.85750000000000	0.54224529416443	0.60025094082180	50.000000000000	0.00000000000000
0.86300000000000	0.54695997851009	0.58754259817696	50.000000000000	0.00000000000000
0.86850000000000	0.55126838146318	0.57486400963825	50.000000000000	0.00000000000000
0.87400000000000	0.55518590714803	0.56224442605252	50.000000000000	0.00000000000000
0.87950000000000	0.55873259095963	0.54971140340977	50.000000000000	0.00000000000000
0.88500000000000	0.56193305560257	0.53728997204316	50.000000000000	0.00000000000000
0.89050000000000	0.56481631657654	0.52500177027960	50.000000000000	0.00000000000000
0.89600000000000	0.56741542285816	0.51286417151120	50.000000000000	0.00000000000000
0.90150000000000	0.56976692479915	0.50088943812542	50.000000000000	0.00000000000000
0.90700000000000	0.57191016894104	0.48908393863363	50.000000000000	0.00000000000000
0.91250000000000	0.57388642809361	0.47744746520099	50.000000000000	0.00000000000000
0.91800000000000	0.57573788402174	0.46597268727022	50.000000000000	0.00000000000000
0.92350000000000	0.57750648869186	0.45464477295681	50.000000000000	0.00000000000000
0.92900000000000	0.57923273746597	0.44344120350604	50.000000000000	0.00000000000000
0.93450000000000	0.58095439315954	0.43233179773033	50.000000000000	0.00000000000000
0.94000000000000	0.58270520291371	0.42127895363309	50.000000000000	0.00000000000000
0.94550000000000	0.58451365002524	0.41023810419520	50.000000000000	0.00000000000000
0.95100000000000	0.58640178015881	0.39915837446202	50.000000000000	0.00000000000000
0.95650000000000	0.58838413599638	0.38798341851905	50.000000000000	0.00000000000000
0.96200000000000	0.59046682687948	0.37665240844653	50.000000000000	0.00000000000000
0.96750000000000	0.59264675112640	0.36510114344250	50.000000000000	0.00000000000000
0.97300000000000	0.59491097933467	0.35326324626984	50.000000000000	0.00000000000000
0.97850000000000	0.59723629799740	0.34107141599832	50.000000000000	0.00000000000000
0.98400000000000	0.59958890499802	0.32845871038073	50.000000000000	0.00000000000000
0.98950000000000	0.60192424266667	0.31535983762785	50.000000000000	0.00000000000000
0.99500000000000	0.60418695055055	0.30171244518051	50.000000000000	0.00000000000000
1.0005000000000	0.60631091913780	0.28745840161581	50.000000000000	0.00000000000000
1.0060000000000	0.60821942754791	0.27254507636407	50.000000000000	0.00000000000000
1.0115000000000	0.60982535257692	0.25692662980439	50.000000000000	0.00000000000000
1.0170000000000	0.61103144327605	0.24056533296888	50.000000000000	0.00000000000000
1.0225000000000	0.61173066419172	0.22343294101419	50.000000000000	0.00000000000000
1.0280000000000	0.61180662122397	0.20551214735218	50.000000000000	0.00000000000000
1.0335000000000	0.61113409646823	0.18679814541498	50.000000000000	0.00000000000000
1.0390000000000	0.60957973206139	0.16730032197564	50.000000000000	0.00000000000000
1.0445000000000	0.60700291755216	0.14704409918184	50.000000000000	0.00000000000000
1.0500000000000	0.60325695010669	0.12607293131785	50.000000000000	0.00000000000000
1.0555000000000	0.59819055113987	0.10445044601566	50.000000000000	0.00000000000000
1.0610000000000	0.59164983555647	0.082262697367927	50.000000000000	0.00000000000000
1.0665000000000	0.58348083900222	0.059620469393273	50.000000000000	0.00000000000000
1.0720000000000	0.57353271203110	0.036661532064652	50.000000000000	0.00000000000000
1.0775000000000	0.56166168482608	0.013552708692459	50.000000000000	0.00000000000000
1.0830000000000	0.54773588828453	-0.0095084361181031	50.000000000000	0.00000000000000
1.0885000000000	0.53164108257557	-0.032292531923787	50.000000000000	0.00000000000000
1.0940000000000	0.51328728828654	-0.054538257575646	50.000000000000	0.00000000000000
1.0995000000000	0.49261623430620	-0.075953456484381	50.000000000000	0.00000000000000
1.1050000000000	0.46960942889131	-0.096217878613000	50.000000000000	0.00000000000000
1.1105000000000	0.44429652774944	-0.11498791128480	50.000000000000	0.00000000000000
1.1160000000000	0.41676352269089	-0.13190361163331	50.000000000000	0.00000000000000
1.1215000000000	0.38716012081745	-0.14659824607336	50.000000000000	0.00000000000000
1.1270000000000	0.35570554967226	-0.15871036725564	50.000000000000	0.00000000000000
1.1325000000000	0.32269193778444	-0.16789821592960	50.000000000000	0.00000000000000
1.1380000000000	0.28848441595644	-0.17385593664594	50.000000000000	0.00000000000000
1.1435000000000	0.25351719334016	-0.17633077168655	50.000000000000	0.00000000000000
1.1490000000000	0.21828510341949	-0.17514009341721	50.000000000000	0.00000000000000
1.1545000000000	0.18333048711859	-0.17018691010979	50.000000000000	0.00000000000000
1.1600000000000	0.14922575367606	-0.16147239472886	50.000000000000	0.00000000000000
1.1655000000000	0.11655247492464	-0.14910408768746	50.000000000000	0.00000000000000
1.1710000000000	0.085878342337303	-0.13329873161156	50.000000000000	0.00000000000000
1.1765000000000	0.057733658515589	-0.11437918663139	50.000000000000	0.00000000000000
1.1820000000000	0.032589169914929	-0.092765484054358	50.000000000000	0.00000000000000
1.1875000000000	0.010836935160701	-0.068960707743627	50.000000000000	0.00000000000000
1.1930000000000	-0.0072244283907493	-0.043532938318451	50.000000000000	0.00000000000000
1.1985000000000	-0.021399311079666	-0.017094862230293	50.000000000000	0.00000000000000
1.2040000000000	-0.031599305525961	0.0097172206278487	50.000000000000	0.00000000000000
1.2095000000000	-0.037842454326268	0.036263369396081	50.000000000000	0.00000000000000
1.2150000000000	-0.040248479804171	0.061917652831943	50.000000000000	0.00000000000000
1.2205000000000	-0.039031262083435	0.086082634985663	50.000000000000	0.00000000000000
1.2260000000000	-0.034489979709332	0.10820037337621	50.000000000000	0.00000000000000
1.2315000000000	-0.027000296829386	0.12776011975087	50.000000000000	0.00000000000000
1.2370000000000	-0.017006805216996	0.14430337103646	50.000000000000	0.00000000000000
1.2425000000000	-0.0050176462892597	0.15742729920619	50.000000000000	0.00000000000000
1.2480000000000	0.0083981238251747	0.16678789431113	50.000000000000	0.00000000000000
1.2535000000000	0.022610296805546	0.17210439712408	50.000000000000	0.00000000000000
1.2590000000000	0.036924798131092	0.17316678483717	50.000000000000	0.00000000000000
1.2645000000000	0.050579556375122	0.16984818906406	50.000000000000	0.00000000000000
1.2700000000000	0.062740883174273	0.16212410531224	50.000000000000	0.00000000000000
1.2755000000000	0.072503419774314	0.15009995516096	50.000000000000	0.00000000000000
1.2810000000000	0.078898092929853	0.13404774137249	50.000000000000	0.00000000000000
1.2865000000000	0.080914012107479	0.11445083978760	50.000000000000	0.00000000000000
1.2920000000000	0.077541383123601	0.092053002471805	50.000000000000	0.00000000000000
1.2975000000000	0.067842418608482	0.067903158682348	50.000000000000	0.00000000000000
1.3030000000000	0.051054510874091	0.043381905620182	50.000000000000	0.00000000000000
1.3085000000000	0.026723025290159	0.020190141963285	50.000000000000	0.00000000000000
1.3140000000000	-0.0051508388649941	0.00027821787677745	50.000000000000	0.00000000000000
1.3195000000000	-0.043976972530225	-0.014300328722828	50.000000000000	0.00000000000000
1.3250000000000	-0.088500959056589	-0.021609260441441	50.000000000000	0.00000000000000
1.3305000000000	-0.13683076590934	-0.020095665583735	50.000000000000	0.00000000000000
1.3360000000000	-0.18659157169653	-0.0088441927495534	50.000000000000	0.00000000000000
1.3415000000000	-0.23519685525705	0.012251659602139	50.000000000000	0.00000000000000
1.3470000000000	-0.28018045187486	0.042457878752505	50.000000000000	0.00000000000000
1.3525000000000	-0.31950788963818	0.080322770345935	50.000000000000	0.00000000000000
1.3580000000000	-0.35179194027290	0.12391883445051	50.000000000000	0.00000000000000
1.3635000000000	-0.37637370620582	0.17113468114373	50.000000000000	0.00000000000000
1.3690000000000	-0.39327638277436	0.21994546168152	50.000000000000	0.00000000000000
1.3745000000000	-0.40307176030419	0.26861400948436	50.000000000000	0.00000000000000
1.3800000000000	-0.40670910766933	0.31580796649677	50.000000000000	0.00000000000000
1.3855000000000	-0.40534588510108	0.36064463322557	50.000000000000	0.00000000000000
1.3910000000000	-0.40020020992699	0.40268765143745	50.000000000000	0.00000000000000
1.3965000000000	-0.39242569282982	0.44191819045705	50.000000000000	0.00000000000000
1.4020000000000	-0.38299608925201	0.47869140497369	50.000000000000	0.00000000000000
1.4075000000000	-0.37258460357514	0.51366990318716	50.000000000000	0.00000000000000
1.4130000000000	-0.36143694468174	0.54770520956761	50.000000000000	0.00000000000000
1.4185000000000	-0.34927437725409	0.58163071883734	50.000000000000	0.00000000000000
1.4240000000000	-0.33531231380958	0.61596411258134	50.000000000000	0.00000000000000
1.4295000000000	-0.31848932757809	0.65061119211444	50.000000000000	0.00000000000000
1.4350000000000	-0.29789844280811	0.68475889833488	50.000000000000	0.00000000000000
1.4405000000000	-0.27322396554457	0.71710154133303	50.000000000000	0.00000000000000
1.4460000000000	-0.24491114264230	0.74631488035889	50.000000000000	0.00000000000000
1.4515000000000	-0.21397680954789	0.77149168789662	50.000000000000	0.00000000000000
1.4570000000000	-0.18163226316465	0.79231241744799	50.000000000000	0.00000000000000
1.4625000000000	-0.14895965518575	0.80895435652576	50.000000000000	0.00000000000000
1.4680000000000	-0.11675631483265	0.82188666383631	50.000000000000	0.00000000000000
1.4735000000000	-0.085523163488861	0.83168220821266	50.000000000000	0.00000000000000
1.4790000000000	-0.055524677961540	0.83889780113026	50.000000000000	0.00000000000000
1.4845000000000	-0.026863737570868	0.84401822225135	50.000000000000	0.00000000000000
1.4900000000000	0.00045545526222734	0.84744116641848	50.000000000000	0.00000000000000
1.4955000000000	0.026482941026147	0.84948263313766	50.000000000000	0.00000000000000
1.5010000000000	0.051294726349105	0.85038990647175	50.000000000000	0.00000000000000
1.5065000000000	0.074976102877029	0.85035560009028	50.000000000000	0.00000000000000
1.5120000000000	0.097612469240230	0.84953007741305	50.000000000000	0.00000000000000
1.5175000000000	0.11928469771807	0.84803149988223	50.000000000000	0.00000000000000
1.5230000000000	0.14006711840603	0.84595359546234	50.000000000000	0.00000000000000
1.5285000000000	0.16002693999004	0.84337152425694	50.000000000000	0.00000000000000
1.5340000000000	0.17922441315097	0.84034625790997	50.000000000000	0.00000000000000
1.5395000000000	0.19771334241882	0.83692783775526	50.000000000000	0.00000000000000
1.5450000000000	0.21554173019596	0.83315780222130	50.000000000000	0.00000000000000
1.5505000000000	0.23275243942801	0.82907100389710	50.000000000000	0.00000000000000
1.5560000000000	0.24938381936871	0.82469697925418	50.000000000000	0.00000000000000
1.5615000000000	0.26547027075420	0.82006098996957	50.000000000000	0.00000000000000
1.5670000000000	0.28104274363188	0.81518482213528	50.000000000000	0.00000000000000
1.5725000000000	0.29612916961104	0.81008740587192	50.000000000000	0.00000000000000
1.5780000000000	0.31075483418666	0.80478530073077	50.000000000000	0.00000000000000
1.5835000000000	0.32494269618123	0.79929307996516	50.000000000000	0.00000000000000
1.5890000000000	0.33871366146327	0.79362363791908	50.000000000000	0.00000000000000
1.5945000000000	0.35208681760481	0.78778843842515	50.000000000000	0.00000000000000
1.6000000000000	0.36507963539695	0.78179771751210	50.000000000000	0.00000000000000
1.6055000000000	0.37770814234312	0.77566065038740	50.000000000000	0.00000000000000
1.6110000000000	0.38998707248654	0.76938549022399	50.000000000000	0.00000000000000
1.6165000000000	0.40192999624344	0.76297968448788	50.000000000000	0.00000000000000
1.6220000000000	0.41354943331822	0.75644997321543	50.000000000000	0.00000000000000
1.6275000000000	0.42485695127127	0.74980247265834	50.000000000000	0.00000000000000
1.6330000000000	0.43586325188501	0.74304274696836	50.000000000000	0.00000000000000
1.6385000000000	0.44657824712017	0.73617587002918	50.000000000000	0.00000000000000
1.6440000000000	0.45701112616060	0.72920647911076	50.000000000000	0.00000000000000
1.6495000000000	0.46717041480269	0.72213882168900	50.000000000000	0.00000000000000
1.6550000000000	0.47706402824420	0.71497679651547	50.000000000000	0.00000000000000
1.6605000000000	0.48669931816202	0.70772398982030	50.000000000000	0.00000000000000
1.6660000000000	0.49608311483047	0.70038370737170	50.000000000000	0.00000000000000
1.6715000000000	0.50522176491818	0.69295900298985	50.000000000000	0.00000000000000
1.6770000000000	0.51412116550645	0.68545270401126	50.000000000000	0.00000000000000
1.6825000000000	0.52278679479327	0.67786743411864	50.000000000000	0.00000000000000
1.6880000000000	0.53122373988080	0.67020563388505	50.000000000000	0.00000000000000
1.6935000000000	0.53943672198892	0.66246957932730	50.000000000000	0.00000000000000
1.6990000000000	0.54743011939049	0.65466139871916	50.000000000000	0.00000000000000
1.7045000000000	0.55520798832479	0.64678308787824	50.000000000000	0.00000000000000
1.7100000000000	0.56277408211194	0.63883652411007	50.000000000000	0.00000000000000
1.7155000000000	0.57013186866294	0.63082347896736	50.000000000000	0.00000000000000
1.7210000000000	0.57728454655542	0.62274562996076	50.000000000000	0.00000000000000
1.7265000000000	0.58423505982451	0.61460457133982	50.000000000000	0.00000000000000
1.7320000000000	0.59098611160051	0.60640182404697	50.000000000000	0.00000000000000
1.7375000000000	0.59754017670938	0.59813884493462	50.000000000000	0.00000000000000
1.7430000000000	0.60389951333871	0.58981703532393	50.000000000000	0.00000000000000
1.7485000000000	0.61006617386057	0.58143774897467	50.000000000000	0.00000000000000
1.7540000000000	0.61604201489197	0.57300229952662	50.000000000000	0.00000000000000
1.7595000000000	0.62182870666527	0.56451196746642	50.000000000000	0.00000000000000
1.7650000000000	0.62742774177282	0.55596800666715	50.000000000000	0.00000000000000
1.7705000000000	0.63284044334328	0.54737165054282	50.000000000000	0.00000000000000
1.7760000000000	0.63806797270117	0.53872411785493	50.000000000000	0.00000000000000
1.7815000000000	0.64311133655538	0.53002661820466	50.000000000000	0.00000000000000
1.7870000000000	0.64797139375822	0.52128035724027	50.000000000000	0.00000000000000
1.7925000000000	0.65264886167159	0.51248654160646	50.000000000000	0.00000000000000
1.7980000000000	0.65714432217343	0.50364638365991	50.000000000000	0.00000000000000
1.8035000000000	0.66145822733417	0.49476110597263	50.000000000000	0.00000000000000
1.8090000000000	0.66559090478943	0.48583194564311	50.000000000000	0.00000000000000
1.8145000000000	0.66954256283286	0.47686015843348	50.000000000000	0.00000000000000
1.8200000000000	0.67331329525009	0.46784702274959	50.000000000000	0.00000000000000
1.8255000000000	0.67690308591280	0.45879384347976	50.000000000000	0.00000000000000
1.8310000000000	0.68031181314960	0.44970195570716	50.000000000000	0.00000000000000
1.8365000000000	0.68353925390873	0.44057272831008	50.000000000000	0.00000000000000
1.8420000000000	0.68658508772602	0.43140756746383	50.000000000000	0.00000000000000
1.8475000000000	0.68944890050977	0.42220792005799	50.000000000000	0.00000000000000
1.8530000000000	0.69213018815351	0.41297527704228	50.000000000000	0.00000000000000
1.8585000000000	0.69462835998592	0.40371117671488	50.000000000000	0.00000000000000
1.8640000000000	0.69694274206687	0.39441720796685	50.000000000000	0.00000000000000
1.8695000000000	0.69907258033749	0.38509501349700	50.000000000000	0.00000000000000
1.8750000000000	0.70101704363185	0.37574629301193	50.000000000000	0.00000000000000
1.8805000000000	0.70277522655763	0.36637280642693	50.000000000000	0.00000000000000
1.8860000000000	0.70434615225291	0.35697637708368	50.000000000000	0.00000000000000
1.8915000000000	0.70572877502675	0.34755889500229	50.000000000000	0.00000000000000
1.8970000000000	0.70692198289118	0.33812232018562	50.000000000000	0.00000000000000
1.9025000000000	0.70792459999347	0.32866868599528	50.000000000000	0.00000000000000
1.9080000000000	0.70873538895805	0.31920010261954	50.000000000000	0.00000000000000
1.9135000000000	0.70935305314919	0.30971876065475	50.000000000000	0.00000000000000
1.9190000000000	0.70977623886664	0.30022693482289	50.000000000000	0.00000000000000
1.9245000000000	0.71000353748891	0.29072698784911	50.000000000000	0.00000000000000
1.9300000000000	0.71003348758077	0.28122137452386	50.000000000000	0.00000000000000
1.9355000000000	0.70986457698435	0.27171264597570	50.000000000000	0.00000000000000
1.9410000000000	0.70949524491631	0.26220345418119	50.000000000000	0.00000000000000
1.9465000000000	0.70892388409696	0.25269655673915	50.000000000000	0.00000000000000
1.9520000000000	0.70814884294107	0.24319482193688	50.000000000000	0.00000000000000
1.9575000000000	0.70716842784435	0.23370123413609	50.000000000000	0.00000000000000
1.9630000000000	0.70598090560449	0.22421889950580	50.000000000000	0.00000000000000
1.9685000000000	0.70458450602047	0.21475105212901	50.000000000000	0.00000000000000
1.9740000000000	0.70297742471979	0.20530106050837	50.000000000000	0.00000000000000
1.9795000000000	0.70115782626872	0.19587243449466	50.000000000000	0.00000000000000
1.9850000000000	0.69912384762767	0.18646883265881	50.000000000000	0.00000000000000
1.9905000000000	0.69687360201979	0.17709407012540	50.000000000000	0.00000000000000
1.9960000000000	0.69440518328835	0.16775212688098	50.000000000000	0.00000000000000
2.0015000000000	0.69171667082547	0.15844715656570	50.000000000000	0.00000000000000
2.0070000000000	0.68880613516224	0.14918349574993	50.000000000000	0.00000000000000
2.0125000000000	0.68567164431772	0.13996567369082	50.000000000000	0.00000000000000
2.0180000000000	0.68231127101167	0.13079842255402	50.000000000000	0.00000000000000
2.0235000000000	0.67872310085330	0.12168668807623	50.000000000000	0.00000000000000
2.0290000000000	0.67490524162512	0.11263564063197	50.000000000000	0.00000000000000
2.0345000000000	0.67085583378735	0.10365068665464	50.000000000000	0.00000000000000
2.0400000000000	0.66657306233439	0.094737480346574	50.000000000000	0.00000000000000
2.0455000000000	0.66205517013915	0.085901935595621	50.000000000000	0.00000000000000
2.0510000000000	0.65730047292475	0.077150237996890	50.000000000000	0.00000000000000
2.0565000000000	0.65230737600526	0.068488856856992	50.000000000000	0.00000000000000
2.0620000000000	0.64707439293648	0.059924557035228	50.000000000000	0.00000000000000
2.0675000000000	0.64160016621637	0.051464410451088	50.000000000000	0.00000000000000
2.0730000000000	0.63588349016877	0.043115807060487	50.000000000000	0.00000000000000
2.0785000000000	0.62992333613655	0.034886465074389	50.000000000000	0.00000000000000
2.0840000000000	0.62371888009780	0.026784440163199	50.000000000000	0.00000000000000
2.0895000000000	0.61726953280292	0.018818133358558	50.000000000000	0.00000000000000
2.0950000000000	0.61057497250906	0.010996297331622	50.000000000000	0.00000000000000
2.1005000000000	0.60363518036230	0.0033280406936886	50.000000000000	0.00000000000000
2.1060000000000	0.59645047844558	-0.0041771700678631	50.000000000000	0.00000000000000
2.1115000000000	0.58902157047169	-0.011509511437678	50.000000000000	0.00000000000000
2.1170000000000	0.58134958505486	-0.018658806954241	50.000000000000	0.00000000000000
2.1225000000000	0.57343612144170	-0.025614535002976	50.000000000000	0.00000000000000
2.1280000000000	0.56528329752114	-0.032365840821770	50.000000000000	0.00000000000000
2.1335000000000	0.55689379986471	-0.038901553238716	50.000000000000	0.00000000000000
2.1390000000000	0.54827093547178	-0.045210206673301	50.000000000000	0.00000000000000
2.1445000000000	0.53941868481014	-0.051280068935438	50.000000000000	0.00000000000000
2.1500000000000	0.53034175565110	-0.057099175349329	50.000000000000	0.00000000000000
2.1555000000000	0.52104563710034	-0.062655369709682	50.000000000000	0.00000000000000
2.1610000000000	0.51153665312309	-0.067936352543821	50.000000000000	0.00000000000000
2.1665000000000	0.50182201475530	-0.072929737103291	50.000000000000	0.00000000000000
2.1720000000000	0.49190987008562	-0.077623113440185	50.000000000000	0.00000000000000
2.1775000000000	0.48180935098537	-0.082004120835670	50.000000000000	0.00000000000000
2.1830000000000	0.47153061546222	-0.086060528738640	50.000000000000	0.00000000000000
2.1885000000000	0.46108488441866	-0.089780326241239	50.000000000000	0.00000000000000
2.1940000000000	0.45048447151470	-0.093151819963561	50.000000000000	0.00000000000000
2.1995000000000	0.43974280476834	-0.096163740043481	50.000000000000	0.00000000000000
2.2050000000000	0.42887443848423	-0.098805353729320	50.000000000000	0.00000000000000
2.2105000000000	0.41789505408345	-0.10106658585610	50.000000000000	0.00000000000000
2.2160000000000	0.40682144842223	-0.10293814525261	50.000000000000	0.00000000000000
2.2215000000000	0.39567150823889	-0.10441165588149	50.000000000000	0.00000000000000
2.2270000000000	0.38446416946023	-0.10547979126344	50.000000000000	0.00000000000000
2.2325000000000	0.37321936023567	-0.10613641048596	50.000000000000	0.00000000000000
2.2380000000000	0.36195792675098	-0.10637669385534	50.000000000000	0.00000000000000
2.2435000000000	0.35070154110533	-0.10619727602636	50.000000000000	0.00000000000000
2.2490000000000	0.33947259081403	-0.10559637424692	50.000000000000	0.00000000000000
2.2545000000000	0.32829404982274	-0.10457390919546	50.000000000000	0.00000000000000
2.2600000000000	0.31718933128192	-0.10313161577616	50.000000000000	0.00000000000000
2.2655000000000	0.30618212272498	-0.10127314118147	50.000000000000	0.00000000000000
2.2710000000000	0.29529620471140	-0.099004127540580	50.000000000000	0.00000000000000
2.2765000000000	0.28455525442440	-0.096332276552975	50.000000000000	0.00000000000000
2.2820000000000	0.27398263613823	-0.093267393663445	50.000000000000	0.00000000000000
2.2875000000000	0.26360118087825	-0.089821409568328	50.000000000000	0.00000000000000
2.2930000000000	0.25343295797081	-0.086008377153057	50.000000000000	0.00000000000000
2.2985000000000	0.24349904150500	-0.081844442340875	50.000000000000	0.00000000000000
2.3040000000000	0.23381927498866	-0.077347787774761	50.000000000000	0.00000000000000
2.3095000000000	0.22441203766329	-0.072538548745516	50.000000000000	0.00000000000000
2.3150000000000	0.21529401603678	-0.067438701303997	50.000000000000	0.00000000000000
2.3205000000000	0.20647998418984	-0.062071923035958	50.000000000000	0.00000000000000
2.3260000000000	0.19798259631020	-0.056463427514188	50.000000000000	0.00000000000000
2.3315000000000	0.18981219470724	-0.050639773953325	50.000000000000	0.00000000000000
2.3370000000000	0.18197663626472	-0.044628654057428	50.000000000000	0.00000000000000
2.3425000000000	0.17448113991185	-0.038458658448767	50.000000000000	0.00000000000000
2.3480000000000	0.16732815724542	-0.032159025381712	50.000000000000	0.00000000000000
2.3535000000000	0.16051726793864	-0.025759374662559	50.000000000000	0.00000000000000
2.3590000000000	0.15404510104597	-0.019289429805438	50.000000000000	0.00000000000000
2.3645000000000	0.14790528278025	-0.012778731449329	50.000000000000	0.00000000000000
2.3700000000000	0.14208841082555	-0.0062563449411463	50.000000000000	0.00000000000000
2.3750000000000	0.13707018582750	-0.00034058825247824	50.000000000000	0.00000000000000
2.3755000000000	0.13658205477895	0.00024943524139358	50.000000000000	0.00000000000000
2.3810000000000	0.13137078191181	0.0067113818869908	50.000000000000	0.00000000000000
2.3865000000000	0.12643620712851	0.013103630350786	50.000000000000	0.00000000000000
2.3920000000000	0.12175706579694	0.019401971334837	50.000000000000	0.00000000000000
2.3975000000000	0.11730930804862	0.025584140273153	50.000000000000	0.00000000000000
2.4030000000000	0.11306621321045	0.031630103020074	50.000000000000	0.00000000000000
2.4085000000000	0.10899852324632	0.037522338117725	50.000000000000	0.00000000000000
2.4140000000000	0.10507459446349	0.043246116469515	50.000000000000	0.00000000000000
2.4195000000000	0.10126056728081	0.048789779741945	50.000000000000	0.00000000000000
2.4250000000000	0.097520554566437	0.054145019223356	50.000000000000	0.00000000000000
2.4305000000000	0.093816849932105	0.059307157149974	50.000000000000	0.00000000000000
2.4360000000000	0.090110158414643	0.064275432626294	50.000000000000	0.00000000000000
2.4415000000000	0.086359853177478	0.069053294173179	50.000000000000	0.00000000000000
2.4470000000000	0.082524263210280	0.073648700580654	50.000000000000	0.00000000000000
2.4500000000000	0.080381035898106	0.076082748449066	50.000000000000	0.00000000000000
2.4525000000000	0.078560998472649	0.078074431062779	50.000000000000	0.00000000000000
2.4580000000000	0.074427320482603	0.082348404639741	50.000000000000	0.00000000000000
2.4635000000000	0.070080567940420	0.086494007127847	50.000000000000	0.00000000000000
2.4690000000000	0.065478648525520	0.090540422014094	50.000000000000	0.00000000000000
2.4745000000000	0.060580609397866	0.094522958734837	50.000000000000	0.00000000000000
2.4800000000000	0.055347300021242	0.098483368375944	50.000000000000	0.00000000000000
2.4855000000000	0.049742141494312	0.10247013248430	50.000000000000	0.00000000000000
2.4910000000000	0.043732016351542	0.10653870547684	50.000000000000	0.00000000000000
2.4965000000000	0.037288291429853	0.11075168505695	50.000000000000	0.00000000000000
2.5020000000000	0.030387983460692	0.11517887819156	50.000000000000	0.00000000000000
2.5075000000000	0.023015072041785	0.11989722279218	50.000000000000	0.00000000000000
2.5130000000000	0.015161957021991	0.12499051769415	50.000000000000	0.00000000000000
2.5185000000000	0.0068310465505072	0.13054890650337	50.000000000000	0.00000000000000
2.5240000000000	-0.0019635523639690	0.13666805534801	50.000000000000	0.00000000000000
2.5250000000000	-0.0036104679769799	0.13784863412551	50.000000000000	0.00000000000000
2.5295000000000	-0.011194287222570	0.14344796185119	50.000000000000	0.00000000000000
2.5350000000000	-0.020818425812097	0.15099133439716	50.000000000000	0.00000000000000
2.5405000000000	-0.030776427948509	0.15940148895263	50.000000000000	0.00000000000000
2.5460000000000	-0.040990543343104	0.16877972740222	50.000000000000	0.00000000000000
2.5515000000000	-0.051363781287336	0.17922218845657	50.000000000000	0.00000000000000
2.5570000000000	-0.061779418626493	0.19081620094980	50.000000000000	0.00000000000000
2.5625000000000	-0.072101223704048	0.20363621978311	50.000000000000	0.00000000000000
2.5680000000000	-0.082174570088307	0.21773948501119	50.000000000000	0.00000000000000
2.5735000000000	-0.091828589440525	0.23316161021671	50.000000000000	0.00000000000000
2.5790000000000	-0.10087946351306	0.24991237014933	50.000000000000	0.00000000000000
2.5845000000000	-0.10913487926369	0.26797200977140	50.000000000000	0.00000000000000
2.5900000000000	-0.11639957084744	0.28728842586274	50.000000000000	0.00000000000000
2.5955000000000	-0.12248175545918	0.30777556691589	50.000000000000	0.00000000000000
2.6010000000000	-0.12720014977456	0.32931334870534	50.000000000000	0.00000000000000
2.6065000000000	-0.13039114753164	0.35174928872993	50.000000000000	0.00000000000000
2.6120000000000	-0.13191566573518	0.37490192764272	50.000000000000	0.00000000000000
2.6175000000000	-0.13166514396219	0.39856594341812	50.000000000000	0.00000000000000
2.6230000000000	-0.12956621874688	0.42251869540563	50.000000000000	0.00000000000000
2.6285000000000	-0.12558369361435	0.44652778558571	50.000000000000	0.00000000000000
2.6340000000000	-0.11972157438654	0.47035911718802	50.000000000000	0.00000000000000
2.6395000000000	-0.11202211846655	0.49378488386194	50.000000000000	0.00000000000000
2.6450000000000	-0.10256302966420	0.51659094285144	50.000000000000	0.00000000000000
2.6505000000000	-0.091453090231049	0.53858310819617	50.000000000000	0.00000000000000
2.6560000000000	-0.078826637848796	0.55959202939602	50.000000000000	0.00000000000000
2.6615000000000	-0.064837355268439	0.57947647512466	50.000000000000	0.00000000000000
2.6670000000000	-0.049651842651426	0.59812499676857	50.000000000000	0.00000000000000
2.6725000000000	-0.033443395379249	0.61545608230749	50.000000000000	0.00000000000000
2.6780000000000	-0.016386327511174	0.63141701332655	50.000000000000	0.00000000000000
2.6835000000000	0.0013489199386123	0.64598170050603	50.000000000000	0.00000000000000
2.6890000000000	0.019599750254934	0.65914779665468	50.000000000000	0.00000000000000
2.6945000000000	0.038214419700055	0.67093337737635	50.000000000000	0.00000000000000
2.7000000000000	0.057054117134268	0.68137344679264	50.000000000000	0.00000000000000
2.7055000000000	0.075994202365779	0.69051647903074	50.000000000000	0.00000000000000
2.7110000000000	0.094924724173211	0.69842115406921	50.000000000000	0.00000000000000
2.7165000000000	0.11375035370673	0.70515339570761	50.000000000000	0.00000000000000
2.7220000000000	0.13238986935526	0.71078377434666	50.000000000000	0.00000000000000
2.7275000000000	0.15077531949045	0.71538530030998	50.000000000000	0.00000000000000
2.7330000000000	0.16885097373603	0.71903160532717	50.000000000000	0.00000000000000
2.7385000000000	0.18657215481869	0.72179549009678	50.000000000000	0.00000000000000
2.7440000000000	0.20390402404840	0.72374780344179	50.000000000000	0.00000000000000
2.7495000000000	0.22082037566128	0.72495661204091	50.000000000000	0.00000000000000
2.7550000000000	0.23730247957026	0.72548661761730	50.000000000000	0.00000000000000
2.7605000000000	0.25333799892149	0.72539877947071	50.000000000000	0.00000000000000
2.7660000000000	0.26891999830055	0.72475010324329	50.000000000000	0.00000000000000
2.7715000000000	0.28404605029713	0.72359356094661	50.000000000000	0.00000000000000
2.7770000000000	0.29871744212176	0.72197811190418	50.000000000000	0.00000000000000
2.7825000000000	0.31293847972558	0.71994879893650	50.000000000000	0.00000000000000
2.7880000000000	0.32671588405642	0.71754689854562	50.000000000000	0.00000000000000
2.7935000000000	0.34005827237211	0.71481010787697	50.000000000000	0.00000000000000
2.7990000000000	0.35297571664734	0.71177275476852	50.000000000000	0.00000000000000
2.8045000000000	0.36547937082514	0.70846602022018	50.000000000000	0.00000000000000
2.8100000000000	0.37758115879266	0.70491816514877	50.000000000000	0.00000000000000
2.8155000000000	0.38929351536165	0.70115475537506	50.000000000000	0.00000000000000
2.8210000000000	0.40062917310023	0.69719888047206	50.000000000000	0.00000000000000
2.8265000000000	0.41160098851278	0.69307136344192	50.000000000000	0.00000000000000
2.8320000000000	0.42222180174777	0.68879095923657	50.000000000000	0.00000000000000
2.8375000000000	0.43250432468669	0.68437454094465	50.000000000000	0.00000000000000
2.8430000000000	0.44246105291069	0.67983727307820	50.000000000000	0.00000000000000
2.8485000000000	0.45210419763673	0.67519277184533	50.000000000000	0.00000000000000
2.8540000000000	0.46144563425768	0.67045325262308	50.000000000000	0.00000000000000
2.8595000000000	0.47049686460589	0.66562966507337	50.000000000000	0.00000000000000
2.8650000000000	0.47926899048901	0.66073181649829	50.000000000000	0.00000000000000
2.8705000000000	0.48777269642306	0.65576848412626	50.000000000000	0.00000000000000
2.8760000000000	0.49601823981382	0.65074751707081	50.000000000000	0.00000000000000
2.8815000000000	0.50401544711971	0.64567592872376	50.000000000000	0.00000000000000
2.8870000000000	0.51177371477036	0.64055998033938	50.000000000000	0.00000000000000
2.8925000000000	0.51930201382133	0.63540525654542	50.000000000000	0.00000000000000
2.8980000000000	0.52660889750011	0.63021673348505	50.000000000000	0.00000000000000
2.9035000000000	0.53370251094651	0.62499884025461	50.000000000000	0.00000000000000
2.9090000000000	0.54059060257539	0.61975551425898	50.000000000000	0.00000000000000
2.9145000000000	0.54728053659393	0.61449025106184	50.000000000000	0.00000000000000
2.9200000000000	0.55377930629390	0.60920614926253	50.000000000000	0.00000000000000
2.9255000000000	0.56009354781184	0.60390595088816	50.000000000000	0.00000000000000
2.9310000000000	0.56622955411164	0.59859207774590	50.000000000000	0.00000000000000
2.9365000000000	0.57219328899411	0.59326666414215	50.000000000000	0.00000000000000
2.9420000000000	0.57799040097981	0.58793158633566	50.000000000000	0.00000000000000
2.9475000000000	0.58362623694674	0.58258848905912	50.000000000000	0.00000000000000
2.9530000000000	0.58910585543127	0.57723880940914	50.000000000000	0.00000000000000
2.9585000000000	0.59443403952577	0.57188379837766	50.000000000000	0.00000000000000
2.9640000000000	0.59961530932357	0.56652454026824	50.000000000000	0.00000000000000
2.9695000000000	0.60465393387846	0.56116197021865	50.000000000000	0.00000000000000
2.9750000000000	0.60955394265775	0.55579689002716	50.000000000000	0.00000000000000
2.9805000000000	0.61431913647794	0.55042998246110	50.000000000000	0.00000000000000
2.9860000000000	0.61895309792007	0.54506182420736	50.000000000000	0.00000000000000
2.9915000000000	0.62345920122804	0.53969289760869	50.000000000000	0.00000000000000
2.9970000000000	0.62784062169799	0.53432360131492	50.000000000000	0.00000000000000
3.0025000000000	0.63210034457077	0.52895425996492	50.000000000000	0.00000000000000
3.0080000000000	0.63624117344202	0.52358513300358	50.000000000000	0.00000000000000
3.0135000000000	0.64026573820712	0.51821642272734	50.000000000000	0.00000000000000
3.0190000000000	0.64417650255899	0.51284828164239	50.000000000000	0.00000000000000
3.0245000000000	0.64797577105845	0.50748081921147	50.000000000000	0.00000000000000
3.0300000000000	0.65166569579703	0.50211410805685	50.000000000000	0.00000000000000
3.0355000000000	0.65524828267271	0.49674818968164	50.000000000000	0.00000000000000
3.0410000000000	0.65872539729906	0.49138307976387	50.000000000000	0.00000000000000
3.0465000000000	0.66209877056833	0.48601877307392	50.000000000000	0.00000000000000
3.0520000000000	0.66537000388870	0.48065524806002	50.000000000000	0.00000000000000
3.0575000000000	0.66854057411561	0.47529247114243	50.000000000000	0.00000000000000
3.0630000000000	0.67161183819699	0.46993040075358	50.000000000000	0.00000000000000
3.0685000000000	0.67458503755133	0.46456899115689	50.000000000000	0.00000000000000
3.0740000000000	0.67746130219771	0.45920819607511	50.000000000000	0.00000000000000
3.0795000000000	0.68024165465609	0.45384797215526	50.000000000000	0.00000000000000
3.0850000000000	0.68292701363566	0.44848828229512	50.000000000000	0.00000000000000
3.0905000000000	0.68551819752929	0.44312909885406	50.000000000000	0.00000000000000
3.0960000000000	0.68801592773097	0.43777040676859	50.000000000000	0.00000000000000
3.1015000000000	0.69042083179325	0.43241220659149	50.000000000000	0.00000000000000
3.1070000000000	0.69273344644163	0.42705451747145	50.000000000000	0.00000000000000
3.1125000000000	0.69495422046178	0.42169738008860	50.000000000000	0.00000000000000
3.1180000000000	0.69708351747640	0.41634085956017	50.000000000000	0.00000000000000
3.1235000000000	0.69912161862735	0.41098504832852	50.000000000000	0.00000000000000
3.1290000000000	0.70106872517906	0.40563006904337	50.000000000000	0.00000000000000
3.1345000000000	0.70292496105955	0.40027607744820	50.000000000000	0.00000000000000
3.1400000000000	0.70469037535423	0.39492326527990	50.000000000000	0.00000000000000
3.1455000000000	0.70636494476918	0.38957186318985	50.000000000000	0.00000000000000
3.1510000000000	0.70794857607919	0.38422214369301	50.000000000000	0.00000000000000
3.1565000000000	0.70944110857717	0.37887442415124	50.000000000000	0.00000000000000
3.1620000000000	0.71084231654097	0.37352906979542	50.000000000000	0.00000000000000
3.1675000000000	0.71215191173393	0.36818649679013	50.000000000000	0.00000000000000
3.1730000000000	0.71336954595599	0.36284717534365	50.000000000000	0.00000000000000
3.1785000000000	0.71449481366199	0.35751163286459	50.000000000000	0.00000000000000
3.1840000000000	0.71552725466427	0.35218045716579	50.000000000000	0.00000000000000
3.1895000000000	0.71646635693684	0.34685429971432	50.000000000000	0.00000000000000
3.1950000000000	0.71731155953874	0.34153387892568	50.000000000000	0.00000000000000
3.2005000000000	0.71806225567406	0.33621998349860	50.000000000000	0.00000000000000
3.2060000000000	0.71871779590675	0.33091347578549	50.000000000000	0.00000000000000
3.2115000000000	0.71927749154820	0.32561529519225	50.000000000000	0.00000000000000
3.2170000000000	0.71974061823575	0.32032646159927	50.000000000000	0.00000000000000
3.2225000000000	0.72010641972033	0.31504807879401	50.000000000000	0.00000000000000
3.2280000000000	0.72037411188137	0.30978133790358	50.000000000000	0.00000000000000
3.2335000000000	0.72054288698713	0.30452752081386	50.000000000000	0.00000000000000
3.2390000000000	0.72061191821807	0.29928800355985	50.000000000000	0.00000000000000
3.2445000000000	0.72058036447075	0.29406425966960	50.000000000000	0.00000000000000
3.2500000000000	0.72044737545906	0.28885786344200	50.000000000000	0.00000000000000
3.2555000000000	0.72021209712902	0.28367049313641	50.000000000000	0.00000000000000
3.2610000000000	0.71987367740221	0.27850393404955	50.000000000000	0.00000000000000
3.2665000000000	0.71943127226202	0.27336008145285	50.000000000000	0.00000000000000
3.2720000000000	0.71888405219532	0.26824094336063	50.000000000000	0.00000000000000
3.2775000000000	0.71823120900065	0.26314864309716	50.000000000000	0.00000000000000
3.2830000000000	0.71747196297171	0.25808542162769	50.000000000000	0.00000000000000
3.2885000000000	0.71660557046321	0.25305363961640	50.000000000000	0.00000000000000
3.2940000000000	0.71563133184275	0.24805577917105	50.000000000000	0.00000000000000
3.2995000000000	0.71454859983006	0.24309444523208	50.000000000000	0.00000000000000
3.3050000000000	0.71335678822085	0.23817236656128	50.000000000000	0.00000000000000
3.3105000000000	0.71205538098942	0.23329239628267	50.000000000000	0.00000000000000
3.3160000000000	0.71064394175889	0.22845751192678	50.000000000000	0.00000000000000
3.3215000000000	0.70912212362432	0.22367081492694	50.000000000000	0.00000000000000
3.3270000000000	0.70748967930789	0.21893552951533	50.000000000000	0.00000000000000
3.3325000000000	0.70574647162011	0.21425500096528	50.000000000000	0.00000000000000
3.3380000000000	0.70389248419523	0.20963269312540	50.000000000000	0.00000000000000
3.3435000000000	0.70192783246182	0.20507218519164	50.000000000000	0.00000000000000
3.3490000000000	0.69985277480354	0.20057716766340	50.000000000000	0.00000000000000
3.3545000000000	0.69766772385729	0.19615143743126	50.000000000000	0.00000000000000
3.3600000000000	0.69537325788891	0.19179889194620	50.000000000000	0.00000000000000
3.3655000000000	0.69297013217868	0.18752352242250	50.000000000000	0.00000000000000
3.3710000000000	0.69045929034131	0.18332940603113	50.000000000000	0.00000000000000
3.3765000000000	0.68784187549711	0.17922069704463	50.000000000000	0.00000000000000
3.3820000000000	0.68511924120367	0.17520161690089	50.000000000000	0.00000000000000
3.3875000000000	0.68229296204954	0.17127644316014	50.000000000000	0.00000000000000
3.3930000000000	0.67936484380464	0.16744949733775	50.000000000000	0.00000000000000
3.3985000000000	0.67633693301535	0.16372513160490	50.000000000000	0.00000000000000
3.4040000000000	0.67321152592667	0.16010771435992	50.000000000000	0.00000000000000
3.4095000000000	0.66999117660879	0.15660161468473	50.000000000000	0.00000000000000
3.4150000000000	0.66667870416144	0.15321118571381	50.000000000000	0.00000000000000
3.4205000000000	0.66327719886734	0.14994074695725	50.000000000000	0.00000000000000
3.4260000000000	0.65979002716449	0.14679456563415	50.000000000000	0.00000000000000
3.4315000000000	0.65622083530820	0.14377683708810	50.000000000000	0.00000000000000
3.4370000000000	0.65257355159588	0.14089166437335	50.000000000000	0.00000000000000
3.4425000000000	0.64885238703258	0.13814303711619	50.000000000000	0.00000000000000
3.4480000000000	0.64506183432163	0.13553480977317	50.000000000000	0.00000000000000
3.4535000000000	0.64120666507402	0.13307067942452	50.000000000000	0.00000000000000
3.4590000000000	0.63729192514134	0.13075416325671	50.000000000000	0.00000000000000
3.4645000000000	0.63332292799101	0.12858857590394	50.000000000000	0.00000000000000
3.4700000000000	0.62930524605856	0.12657700683219	50.000000000000	0.00000000000000
3.4755000000000	0.62524470002998	0.12472229796172	50.000000000000	0.00000000000000
3.4810000000000	0.62114734602799	0.12302702173542	50.000000000000	0.00000000000000
3.4865000000000	0.61701946069826	0.12149345984772	50.000000000000	0.00000000000000
3.4920000000000	0.61286752421598	0.12012358285530	50.000000000000	0.00000000000000
3.4975000000000	0.60869820125852	0.11891903089336	50.000000000000	0.00000000000000
3.5030000000000	0.60451832001668	0.11788109572074	50.000000000000	0.00000000000000
3.5085000000000	0.60033484934375	0.11701070431354	50.000000000000	0.00000000000000
3.5140000000000	0.59615487416902	0.11630840421934	50.000000000000	0.00000000000000
3.5195000000000	0.59198556932883	0.11577435087305	50.000000000000	0.00000000000000
3.5250000000000	0.58783417199395	0.11540829706079	50.000000000000	0.00000000000000
3.5305000000000	0.58370795289632	0.11520958469965	50.000000000000	0.00000000000000
3.5360000000000	0.57961418657989	0.11517713907959	50.000000000000	0.00000000000000
3.5415000000000	0.57556012092009	0.11530946568875	50.000000000000	0.00000000000000
3.5470000000000	0.57155294617231	0.11560464971578	50.000000000000	0.00000000000000
3.5525000000000	0.56759976382286	0.11606035829267	50.000000000000	0.00000000000000
3.5580000000000	0.56370755552439	0.11667384550970	50.000000000000	0.00000000000000
3.5635000000000	0.55988315240257	0.11744196020094	50.000000000000	0.00000000000000
3.5690000000000	0.55613320502083	0.11836115646480	50.000000000000	0.00000000000000
3.5745000000000	0.55246415428575	0.11942750685037	50.000000000000	0.00000000000000
3.5800000000000	0.54888220356693	0.12063671810694	50.000000000000	0.00000000000000
3.5855000000000	0.54539329229190	0.12198414936237	50.000000000000	0.00000000000000
3.5910000000000	0.54200307125927	0.12346483256584	50.000000000000	0.00000000000000
3.5965000000000	0.53871687989233	0.12507349500324	50.000000000000	0.00000000000000
3.6020000000000	0.53553972563088	0.12680458366913	50.000000000000	0.00000000000000
3.6075000000000	0.53247626563090	0.12865229125811	50.000000000000	0.00000000000000
3.6130000000000	0.52953079091301	0.13061058352221	50.000000000000	0.00000000000000
3.6185000000000	0.52670721306807	0.13267322772714	50.000000000000	0.00000000000000
3.6240000000000	0.52400905359647	0.13483382193309	50.000000000000	0.00000000000000
3.6295000000000	0.52143943592351	0.13708582482051	50.000000000000	0.00000000000000
3.6350000000000	0.51900108010183	0.13942258578278	50.000000000000	0.00000000000000
3.6405000000000	0.51669630017863	0.14183737501164	50.000000000000	0.00000000000000
3.6460000000000	0.51452700417459	0.14432341330985	50.000000000000	0.00000000000000
3.6515000000000	0.51249469659421	0.14687390137838	50.000000000000	0.00000000000000
3.6570000000000	0.51060048335850	0.14948204834017	50.000000000000	0.00000000000000
3.6625000000000	0.50884507902986	0.15214109928172	50.000000000000	0.00000000000000
3.6680000000000	0.50722881617603	0.15484436161386	50.000000000000	0.00000000000000
3.6735000000000	0.50575165670447	0.15758523007623	50.000000000000	0.00000000000000
3.6790000000000	0.50441320498350	0.16035721023367	50.000000000000	0.00000000000000
3.6845000000000	0.50321272255659	0.16315394033752	50.000000000000	0.00000000000000
3.6900000000000	0.50214914424875	0.16596921145020	50.000000000000	0.00000000000000
3.6955000000000	0.50122109546013	0.16879698575614	50.000000000000	0.00000000000000
3.7010000000000	0.50042691044182	0.17163141300687	50.000000000000	0.00000000000000
3.7065000000000	0.49976465135006	0.17446684507117	50.000000000000	0.00000000000000
3.7120000000000	0.49923212788113	0.17729784858388	50.000000000000	0.00000000000000
3.7175000000000	0.49882691729506	0.18011921570710	50.000000000000	0.00000000000000
3.7230000000000	0.49854638464701	0.18292597303674	50.000000000000	0.00000000000000
3.7285000000000	0.49838770305482	0.18571338870427	50.000000000000	0.00000000000000
3.7340000000000	0.49834787384435	0.18847697773813	50.000000000000	0.00000000000000
3.7395000000000	0.49842374642682	0.19121250576251	50.000000000000	0.00000000000000
3.7450000000000	0.49861203777803	0.19391599112130	50.000000000000	0.00000000000000
3.7505000000000	0.49890935140136	0.19658370552417	50.000000000000	0.00000000000000
3.7560000000000	0.49931219567344	0.19921217331824	50.000000000000	0.00000000000000
3.7615000000000	0.49981700148477	0.20179816949280	50.000000000000	0.00000000000000
3.7670000000000	0.50042013910175	0.20433871652865	50.000000000000	0.00000000000000
3.7725000000000	0.50111793419130	0.20683108020381	50.000000000000	0.00000000000000
3.7780000000000	0.50190668296126	0.20927276446778	50.000000000000	0.00000000000000
3.7835000000000	0.50278266638308	0.21166150549466	50.000000000000	0.00000000000000
3.7890000000000	0.50374216347383	0.21399526502327	50.000000000000	0.00000000000000
3.7945000000000	0.50478146362665	0.21627222308796	50.000000000000	0.00000000000000
3.8000000000000	0.50589687798618	0.21849077024030	50.000000000000	0.00000000000000
3.8055000000000	0.50708474987665	0.22064949935590	50.000000000000	0.00000000000000
3.8110000000000	0.50834146429545	0.22274719711568	50.000000000000	0.00000000000000
3.8165000000000	0.50966345649376	0.22478283524445	50.000000000000	0.00000000000000
3.8220000000000	0.51104721966965	0.22675556158353	50.000000000000	0.00000000000000
3.8275000000000	0.51248931180531	0.22866469106835	50.000000000000	0.00000000000000
3.8330000000000	0.51398636168271	0.23050969667469	50.000000000000	0.00000000000000
3.8385000000000	0.51553507411646	0.23229020039144	50.000000000000	0.00000000000000
3.8440000000000	0.51713223444310	0.23400596427177	50.000000000000	0.00000000000000
3.8495000000000	0.51877471230971	0.23565688160814	50.000000000000	0.00000000000000
3.8550000000000	0.52045946480445	0.23724296827105	50.000000000000	0.00000000000000
3.8605000000000	0.52218353897235	0.23876435424589	50.000000000000	0.00000000000000
3.8660000000000	0.52394407376021	0.24022127539759	50.000000000000	0.00000000000000
3.8715000000000	0.52573830143360	0.24161406548684	50.000000000000	0.00000000000000
3.8770000000000	0.52756354850816	0.24294314845853	50.000000000000	0.00000000000000
3.8825000000000	0.52941723623674	0.24420903101769	50.000000000000	0.00000000000000
3.8880000000000	0.53129688069215	0.24541229550574	50.000000000000	0.00000000000000
3.8935000000000	0.53320009248412	0.24655359308487	50.000000000000	0.00000000000000
3.8990000000000	0.53512457614723	0.24763363723687	50.000000000000	0.00000000000000
3.9045000000000	0.53706812923480	0.24865319757886	50.000000000000	0.00000000000000
3.9100000000000	0.53902864115183	0.24961309399642	50.000000000000	0.00000000000000
3.9155000000000	0.54100409175834	0.25051419109246	50.000000000000	0.00000000000000
3.9210000000000	0.54299254977221	0.25135739294805	50.000000000000	0.00000000000000
3.9265000000000	0.54499217099896	0.25214363819003	50.000000000000	0.00000000000000
3.9320000000000	0.54700119641371	0.25287389535910	50.000000000000	0.00000000000000
3.9375000000000	0.54901795011900	0.25354915857012	50.000000000000	0.00000000000000
3.9430000000000	0.55104083719984	0.25417044345654	50.000000000000	0.00000000000000
3.9485000000000	0.55306834149617	0.25473878338905	50.000000000000	0.00000000000000
3.9540000000000	0.55509902331050	0.25525522595883	50.000000000000	0.00000000000000
3.9595000000000	0.55713151706756	0.25572082971459	50.000000000000	0.00000000000000
3.9650000000000	0.55916452894064	0.25613666114304	50.000000000000	0.00000000000000
3.9705000000000	0.56119683445825	0.25650379188143	50.000000000000	0.00000000000000
3.9760000000000	0.56322727610309	0.25682329615138	50.000000000000	0.00000000000000
3.9815000000000	0.56525476091408	0.25709624840295	50.000000000000	0.00000000000000
3.9870000000000	0.56727825810113	0.25732372115786	50.000000000000	0.00000000000000
3.9925000000000	0.56929679668088	0.25750678304116	50.000000000000	0.00000000000000
3.9980000000000	0.57130946314098	0.25764649699074	50.000000000000	0.00000000000000
4.0035000000000	0.57331539913917	0.25774391863424	50.000000000000	0.00000000000000
4.0090000000000	0.57531379924275	0.25780009482332	50.000000000000	0.00000000000000
4.0145000000000	0.57730390871318	0.25781606231559	50.000000000000	0.00000000000000
4.0200000000000	0.57928502133959	0.25779284659468	50.000000000000	0.00000000000000
4.0255000000000	0.58125647732473	0.25773146081946	50.000000000000	0.00000000000000
4.0310000000000	0.58321766122581	0.25763290489359	50.000000000000	0.00000000000000
4.0365000000000	0.58516799995240	0.25749816464737	50.000000000000	0.00000000000000
4.0420000000000	0.58710696082310	0.25732821112353	50.000000000000	0.00000000000000
4.0475000000000	0.58903404968189	0.25712399995984	50.000000000000	0.00000000000000
4.0530000000000	0.59094880907523	0.25688647086111	50.000000000000	0.00000000000000
4.0585000000000	0.59285081648996	0.25661654715381	50.000000000000	0.00000000000000
4.0640000000000	0.59473968265243	0.25631513541690	50.000000000000	0.00000000000000
4.0695000000000	0.59661504988836	0.25598312518313	50.000000000000	0.00000000000000
4.0750000000000	0.59847659054318	0.25562138870431	50.000000000000	0.00000000000000
4.0805000000000	0.60032400546213	0.25523078077612	50.000000000000	0.00000000000000
4.0860000000000	0.60215702252927	0.25481213861678	50.000000000000	0.00000000000000
4.0915000000000	0.60397539526447	0.25436628179505	50.000000000000	0.00000000000000
4.0970000000000	0.60577890147722	0.25389401220314	50.000000000000	0.00000000000000
4.1025000000000	0.60756734197598	0.25339611407052	50.000000000000	0.00000000000000
4.1080000000000	0.60934053933184	0.25287335401436	50.000000000000	0.00000000000000
4.1135000000000	0.61109833669502	0.25232648112364	50.000000000000	0.00000000000000
4.1190000000000	0.61284059666284	0.25175622707297	50.000000000000	0.00000000000000
4.1245000000000	0.61456720019755	0.25116330626340	50.000000000000	0.00000000000000
4.1300000000000	0.61627804559249	0.25054841598717	50.000000000000	0.00000000000000
4.1355000000000	0.61797304748526	0.24991223661391	50.000000000000	0.00000000000000
4.1410000000000	0.61965213591597	0.24925543179554	50.000000000000	0.00000000000000
4.1465000000000	0.62131525542923	0.24857864868769	50.000000000000	0.00000000000000
4.1520000000000	0.62296236421852	0.24788251818588	50.000000000000	0.00000000000000
4.1575000000000	0.62459343331074	0.24716765517389	50.000000000000	0.00000000000000
4.1630000000000	0.62620844579027	0.24643465878315	50.000000000000	0.00000000000000
4.1685000000000	0.62780739606026	0.24568411266094	50.000000000000	0.00000000000000
4.1740000000000	0.62939028914014	0.24491658524652	50.000000000000	0.00000000000000
4.1795000000000	0.63095713999780	0.24413263005314	50.000000000000	0.00000000000000
4.1850000000000	0.63250797291502	0.24333278595557	50.000000000000	0.00000000000000
4.1905000000000	0.63404282088446	0.24251757748063	50.000000000000	0.00000000000000
4.1960000000000	0.63556172503738	0.24168751510130	50.000000000000	0.00000000000000
4.2015000000000	0.63706473410063	0.24084309553232	50.000000000000	0.00000000000000
4.2070000000000	0.63855190388104	0.23998480202668	50.000000000000	0.00000000000000
4.2125000000000	0.64002329677712	0.23911310467235	50.000000000000	0.00000000000000
4.2180000000000	0.64147898131576	0.23822846068906	50.000000000000	0.00000000000000
4.2235000000000	0.64291903171344	0.23733131472281	50.000000000000	0.00000000000000
4.2290000000000	0.64434352746061	0.23642209913997	50.000000000000	0.00000000000000
4.2345000000000	0.64575255292824	0.23550123431820	50.000000000000	0.00000000000000
4.2400000000000	0.64714619699548	0.23456912893525	50.000000000000	0.00000000000000
4.2455000000000	0.64852455269737	0.23362618025447	50.000000000000	0.00000000000000
4.2510000000000	0.64988771689186	0.23267277440736	50.000000000000	0.00000000000000
4.2565000000000	0.65123578994497	0.23170928667168	50.000000000000	0.00000000000000
4.2620000000000	0.65256887543314	0.23073608174615	50.000000000000	0.00000000000000
4.2675000000000	0.65388707986264	0.22975351402091	50.000000000000	0.00000000000000
4.2730000000000	0.65519051240417	0.22876192784344	50.000000000000	0.00000000000000
4.2785000000000	0.65647928464265	0.22776165777976	50.000000000000	0.00000000000000
4.2840000000000	0.65775351034125	0.22675302887161	50.000000000000	0.00000000000000
4.2895000000000	0.65901330521868	0.22573635688755	50.000000000000	0.00000000000000
4.2950000000000	0.66025878673979	0.22471194857072	50.000000000000	0.00000000000000
4.3005000000000	0.66149007391782	0.22368010188023	50.000000000000	0.00000000000000
4.3060000000000	0.66270728712848	0.22264110622848	50.000000000000	0.00000000000000
4.3115000000000	0.66391054793518	0.22159524271284	50.000000000000	0.00000000000000
4.3170000000000	0.66509997892408	0.22054278434234	50.000000000000	0.00000000000000
4.3225000000000	0.66627570354999	0.21948399625981	50.000000000000	0.00000000000000
4.3280000000000	0.66743784599055	0.21841913595793	50.000000000000	0.00000000000000
4.3335000000000	0.66858653101008	0.21734845349132	50.000000000000	0.00000000000000
4.3390000000000	0.66972188383180	0.21627219168275	50.000000000000	0.00000000000000
4.3445000000000	0.67084403001725	0.21519058632460	50.000000000000	0.00000000000000
4.3500000000000	0.67195309535455	0.21410386637585	50.000000000000	0.00000000000000
4.3555000000000	0.67304920575245	0.21301225415320	50.000000000000	0.00000000000000
4.3610000000000	0.67413248714247	0.21191596551841	50.000000000000	0.00000000000000
4.3665000000000	0.67520306538663	0.21081521006049	50.000000000000	0.00000000000000
4.3720000000000	0.67626106619115	0.20971019127230	50.000000000000	0.00000000000000
4.3775000000000	0.67730661502651	0.20860110672397	50.000000000000	0.00000000000000
4.3830000000000	0.67833983705267	0.20748814823113	50.000000000000	0.00000000000000
4.3885000000000	0.67936085704974	0.20637150201850	50.000000000000	0.00000000000000
4.3940000000000	0.68036979935232	0.20525134887903	50.000000000000	0.00000000000000
4.3995000000000	0.68136678779006	0.20412786432907	50.000000000000	0.00000000000000
4.4050000000000	0.68235194563185	0.20300121875968	50.000000000000	0.00000000000000
4.4105000000000	0.68332539553364	0.20187157758266	50.000000000000	0.00000000000000
4.4160000000000	0.68428725949090	0.20073910137348	50.000000000000	0.00000000000000
4.4215000000000	0.68523765879453	0.19960394601026	50.000000000000	0.00000000000000
4.4270000000000	0.68617671399001	0.19846626280820	50.000000000000	0.00000000000000
4.4325000000000	0.68710454483968	0.19732619865084	50.000000000000	0.00000000000000
4.4380000000000	0.68802127028901	0.19618389611764	50.000000000000	0.00000000000000
4.4435000000000	0.68892700843469	0.19503949360738	50.000000000000	0.00000000000000
4.4490000000000	0.68982187649584	0.19389312545897	50.000000000000	0.00000000000000
4.4545000000000	0.69070599078810	0.19274492206772	50.000000000000	0.00000000000000
4.4600000000000	0.69157946669980	0.19159500999936	50.000000000000	0.00000000000000
4.4655000000000	0.69244241867057	0.19044351209998	50.000000000000	0.00000000000000
4.4710000000000	0.69329496017198	0.18929054760332	50.000000000000	0.00000000000000
4.4765000000000	0.69413720369057	0.18813623223499	50.000000000000	0.00000000000000
4.4820000000000	0.69496926071203	0.18698067831292	50.000000000000	0.00000000000000
4.4875000000000	0.69579124170842	0.18582399484610	50.000000000000	0.00000000000000
4.4930000000000	0.69660325612520	0.18466628762921	50.000000000000	0.00000000000000
4.4985000000000	0.69740541237233	0.18350765933569	50.000000000000	0.00000000000000
4.5040000000000	0.69819781781418	0.18234820960707	50.000000000000	0.00000000000000
4.5095000000000	0.69898057876341	0.18118803514063	50.000000000000	0.00000000000000
4.5150000000000	0.69975380047347	0.18002722977340	50.000000000000	0.00000000000000
4.5205000000000	0.70051758713521	0.17886588456481	50.000000000000	0.00000000000000
4.5260000000000	0.70127204187248	0.17770408787660	50.000000000000	0.00000000000000
4.5315000000000	0.70201726673898	0.17654192544931	50.000000000000	0.00000000000000
4.5370000000000	0.70275336271802	0.17537948047862	50.000000000000	0.00000000000000
4.5425000000000	0.70348042972042	0.17421683368739	50.000000000000	0.00000000000000
4.5480000000000	0.70419856658589	0.17305406339711	50.000000000000	0.00000000000000
4.5535000000000	0.70490787108343	0.17189124559623	50.000000000000	0.00000000000000
4.5590000000000	0.70560843991299	0.17072845400676	50.000000000000	0.00000000000000
4.5645000000000	0.70630036870883	0.16956576014965	50.000000000000	0.00000000000000
4.5700000000000	0.70698375204156	0.16840323340686	50.000000000000	0.00000000000000
4.5755000000000	0.70765868342308	0.16724094108302	50.000000000000	0.00000000000000
4.5810000000000	0.70832525530982	0.16607894846400	50.000000000000	0.00000000000000
4.5865000000000	0.70898355910882	0.16491731887504	50.000000000000	0.00000000000000
4.5920000000000	0.70963368518216	0.16375611373623	50.000000000000	0.00000000000000
4.5975000000000	0.71027572285324	0.16259539261637	50.000000000000	0.00000000000000
4.6030000000000	0.71090976041304	0.16143521328610	50.000000000000	0.00000000000000
4.6085000000000	0.71153588512690	0.16027563176831	50.000000000000	0.00000000000000
4.6140000000000	0.71215418324114	0.15911670238840	50.000000000000	0.00000000000000
4.6195000000000	0.71276473999055	0.15795847782144	50.000000000000	0.00000000000000
4.6250000000000	0.71336763960649	0.15680100913962	50.000000000000	0.00000000000000
4.6305000000000	0.71396296532381	0.15564434585693	50.000000000000	0.00000000000000
4.6360000000000	0.71455079939027	0.15448853597367	50.000000000000	0.00000000000000
4.6415000000000	0.71513122307376	0.15333362601876	50.000000000000	0.00000000000000
4.6470000000000	0.71570431667143	0.15217966109116	50.000000000000	0.00000000000000
4.6525000000000	0.71627015951862	0.15102668490034	50.000000000000	0.00000000000000
4.6580000000000	0.71682882999749	0.14987473980527	50.000000000000	0.00000000000000
4.6635000000000	0.71738040554597	0.14872386685196	50.000000000000	0.00000000000000
4.6690000000000	0.71792496266723	0.14757410581093	50.000000000000	0.00000000000000
4.6745000000000	0.71846257693904	0.14642549521233	50.000000000000	0.00000000000000
4.6800000000000	0.71899332302275	0.14527807238104	50.000000000000	0.00000000000000
4.6855000000000	0.71951727467348	0.14413187347011	50.000000000000	0.00000000000000
4.6910000000000	0.72003450474874	0.14298693349356	50.000000000000	0.00000000000000
4.6965000000000	0.72054508521875	0.14184328635829	50.000000000000	0.00000000000000
4.7020000000000	0.72104908717610	0.14070096489471	50.000000000000	0.00000000000000
4.7075000000000	0.72154658084484	0.13956000088677	50.000000000000	0.00000000000000
4.7130000000000	0.72203763559114	0.13842042510128	50.000000000000	0.00000000000000
4.7185000000000	0.72252231993175	0.13728226731562	50.000000000000	0.00000000000000
4.7240000000000	0.72300070154500	0.13614555634577	50.000000000000	0.00000000000000
4.7295000000000	0.72347284727971	0.13501032007275	50.000000000000	0.00000000000000
4.7350000000000	0.72393882316497	0.13387658546819	50.000000000000	0.00000000000000
4.7405000000000	0.72439869442043	0.13274437862011	50.000000000000	0.00000000000000
4.7460000000000	0.72485252546541	0.13161372475682	50.000000000000	0.00000000000000
4.7515000000000	0.72530037992851	0.13048464827071	50.000000000000	0.00000000000000
4.7570000000000	0.72574232065754	0.12935717274163	50.000000000000	0.00000000000000
4.7625000000000	0.72617840972867	0.12823132095898	50.000000000000	0.00000000000000
4.7680000000000	0.72660870845671	0.12710711494350	50.000000000000	0.00000000000000
4.7735000000000	0.72703327740373	0.12598457596842	50.000000000000	0.00000000000000
4.7790000000000	0.72745217638862	0.12486372458038	50.000000000000	0.00000000000000
4.7845000000000	0.72786546449706	0.12374458061866	50.000000000000	0.00000000000000
4.7900000000000	0.72827320008980	0.12262716323493	50.000000000000	0.00000000000000
4.7955000000000	0.72867544081281	0.12151149091239	50.000000000000	0.00000000000000
4.8010000000000	0.72907224360586	0.12039758148368	50.000000000000	0.00000000000000
4.8065000000000	0.72946366471181	0.11928545214884	50.000000000000	0.00000000000000
4.8120000000000	0.72984975968549	0.11817511949242	50.000000000000	0.00000000000000
4.8175000000000	0.73023058340257	0.11706659950067	50.000000000000	0.00000000000000
4.8230000000000	0.73060619006854	0.11595990757739	50.000000000000	0.00000000000000
4.8285000000000	0.73097663322754	0.11485505856045	50.000000000000	0.00000000000000
4.8340000000000	0.73134196577068	0.11375206673629	50.000000000000	0.00000000000000
4.8395000000000	0.73170223994491	0.11265094585605	50.000000000000	0.00000000000000
4.8450000000000	0.73205750736122	0.11155170914910	50.000000000000	0.00000000000000
4.8505000000000	0.73240781900362	0.11045436933806	50.000000000000	0.00000000000000
4.8560000000000	0.73275322523699	0.10935893865198	50.000000000000	0.00000000000000
4.8615000000000	0.73309377581511	0.10826542884030	50.000000000000	0.00000000000000
4.8670000000000	0.73342951988927	0.10717385118536	50.000000000000	0.00000000000000
4.8725000000000	0.73376050601623	0.10608421651518	50.000000000000	0.00000000000000
4.8780000000000	0.73408678216586	0.10499653521624	50.000000000000	0.00000000000000
4.8835000000000	0.73440839572963	0.10391081724495	50.000000000000	0.00000000000000
4.8890000000000	0.73472539352750	0.10282707213944	50.000000000000	0.00000000000000
4.8945000000000	0.73503782181623	0.10174530903107	50.000000000000	0.00000000000000
4.9000000000000	0.73534572629698	0.10066553665517	50.000000000000	0.00000000000000
4.9055000000000	0.73564915212235	0.099587763361978	50.000000000000	0.00000000000000
4.9110000000000	0.73594814390439	0.098511997127161	50.000000000000	0.00000000000000
4.9165000000000	0.73624274572125	0.097438245561617	50.000000000000	0.00000000000000
4.9220000000000	0.73653300112482	0.096366515921599	50.000000000000	0.00000000000000
4.9275000000000	0.73681895314784	0.095296815118071	50.000000000000	0.00000000000000
4.9330000000000	0.73710064431061	0.094229149726523	50.000000000000	0.00000000000000
4.9385000000000	0.73737811662880	0.093163525995573	50.000000000000	0.00000000000000
4.9440000000000	0.73765141161891	0.092099949856114	50.000000000000	0.00000000000000
4.9495000000000	0.73792057030641	0.091038426929668	50.000000000000	0.00000000000000
4.9550000000000	0.73818563323121	0.089978962536853	50.000000000000	0.00000000000000
4.9605000000000	0.73844664045548	0.088921561705590	50.000000000000	0.00000000000000
4.9660000000000	0.73870363156887	0.087866229179137	50.000000000000	0.00000000000000
4.9715000000000	0.73895664569619	0.086812969423598	50.000000000000	0.00000000000000
4.9770000000000	0.73920572150223	0.085761786635162	50.000000000000	0.00000000000000
4.9825000000000	0.73945089720000	0.084712684748205	50.000000000000	0.00000000000000
4.9880000000000	0.73969221055484	0.083665667441484	50.000000000000	0.00000000000000
4.9935000000000	0.73992969889185	0.082620738145842	50.000000000000	0.00000000000000
4.9990000000000	0.74016339910086	0.081577900050292	50.000000000000	0.00000000000000
5.0045000000000	0.74039334764350	0.080537156109187	50.000000000000	0.00000000000000
5.0100000000000	0.74061958055821	0.079498509047919	50.000000000000	0.00000000000000
5.0155000000000	0.74084213346591	0.078461961369832	50.000000000000	0.00000000000000
5.0210000000000	0.74106104157600	0.077427515361634	50.000000000000	0.00000000000000
5.0265000000000	0.74127633969191	0.076395173099808	50.000000000000	0.00000000000000
5.0320000000000	0.74148806221664	0.075364936455886	50.000000000000	0.00000000000000
5.0375000000000	0.74169624315760	0.074336807102468	50.000000000000	0.00000000000000
5.0430000000000	0.74190091613294	0.073310786518451	50.000000000000	0.00000000000000
5.0485000000000	0.74210211437610	0.072286875993946	50.000000000000	0.00000000000000
5.0540000000000	0.74229987074089	0.071265076636345	50.000000000000	0.00000000000000
5.0595000000000	0.74249421770702	0.070245389374336	50.000000000000	0.00000000000000
5.0650000000000	0.74268518738534	0.069227814963398	50.000000000000	0.00000000000000
5.0705000000000	0.74287281152227	0.068212353990476	50.000000000000	0.00000000000000
5.0760000000000	0.74305712150469	0.067199006878231	50.000000000000	0.00000000000000
5.0815000000000	0.74323814836519	0.066187773890310	50.000000000000	0.00000000000000
5.0870000000000	0.74341592278654	0.065178655134981	50.000000000000	0.00000000000000
5.0925000000000	0.74359047510639	0.064171650569632	50.000000000000	0.00000000000000
5.0980000000000	0.74376183532227	0.063166760005213	50.000000000000	0.00000000000000
5.1035000000000	0.74393003309522	0.062163983110107	50.000000000000	0.00000000000000
5.1090000000000	0.74409509775561	0.061163319413937	50.000000000000	0.00000000000000
5.1145000000000	0.74425705830636	0.060164768311611	50.000000000000	0.00000000000000
5.1200000000000	0.74441594342778	0.059168329067206	50.000000000000	0.00000000000000
5.1255000000000	0.74457178148229	0.058174000817153	50.000000000000	0.00000000000000
5.1310000000000	0.74472460051709	0.057181782574194	50.000000000000	0.00000000000000
5.1365000000000	0.74487442827064	0.056191673230888	50.000000000000	0.00000000000000
5.1420000000000	0.74502129217523	0.055203671562774	50.000000000000	0.00000000000000
5.1475000000000	0.74516521936083	0.054217776231577	50.000000000000	0.00000000000000
5.1530000000000	0.74530623666018	0.053233985788791	50.000000000000	0.00000000000000
5.1585000000000	0.74544437061216	0.052252298678583	50.000000000000	0.00000000000000
5.1640000000000	0.74557964746491	0.051272713240598	50.000000000000	0.00000000000000
5.1695000000000	0.74571209318154	0.050295227713679	50.000000000000	0.00000000000000
5.1750000000000	0.74584173344146	0.049319840237749	50.000000000000	0.00000000000000
5.1805000000000	0.74596859364679	0.048346548857430	50.000000000000	0.00000000000000
5.1860000000000	0.74609269892295	0.047375351524438	50.000000000000	0.00000000000000
5.1915000000000	0.74621407412495	0.046406246100351	50.000000000000	0.00000000000000
5.1970000000000	0.74633274383970	0.045439230359232	50.000000000000	0.00000000000000
5.2025000000000	0.74644873238915	0.044474301990090	50.000000000000	0.00000000000000
5.2080000000000	0.74656206383490	0.043511458599340	50.000000000000	0.00000000000000
5.2135000000000	0.74667276198069	0.042550697713391	50.000000000000	0.00000000000000
5.2190000000000	0.74678085037584	0.041592016780880	50.000000000000	0.00000000000000
5.2245000000000	0.74688635231820	0.040635413174928	50.000000000000	0.00000000000000
5.2300000000000	0.74698929085902	0.039680884195516	50.000000000000	0.00000000000000
5.2355000000000	0.74708968880391	0.038728427071425	50.000000000000	0.00000000000000
5.2410000000000	0.74718756871784	0.037778038962734	50.000000000000	0.00000000000000
5.2465000000000	0.74728295292669	0.036829716962517	50.000000000000	0.00000000000000
5.2520000000000	0.74737586352153	0.035883458099164	50.000000000000	0.00000000000000
5.2575000000000	0.74746632236136	0.034939259337923	50.000000000000	0.00000000000000
5.2630000000000	0.74755435107538	0.033997117583375	50.000000000000	0.00000000000000
5.2685000000000	0.74763997106693	0.033057029680989	50.000000000000	0.00000000000000
5.2740000000000	0.74772320351527	0.032118992418873	50.000000000000	0.00000000000000
5.2795000000000	0.74780406937971	0.031183002529641	50.000000000000	0.00000000000000
5.2850000000000	0.74788258940113	0.030249056692411	50.000000000000	0.00000000000000
5.2905000000000	0.74795878410568	0.029317151534126	50.000000000000	0.00000000000000
5.2960000000000	0.74803267380686	0.028387283631125	50.000000000000	0.00000000000000
5.3015000000000	0.74810427860885	0.027459449511281	50.000000000000	0.00000000000000
5.3070000000000	0.74817361840839	0.026533645655117	50.000000000000	0.00000000000000
5.3125000000000	0.74824071289788	0.025609868497273	50.000000000000	0.00000000000000
5.3180000000000	0.74830558156789	0.024688114428538	50.000000000000	0.00000000000000
5.3235000000000	0.74836824370963	0.023768379796601	50.000000000000	0.00000000000000
5.3290000000000	0.74842871841728	0.022850660908055	50.000000000000	0.00000000000000
5.3345000000000	0.74848702459090	0.021934954029368	50.000000000000	0.00000000000000
5.3400000000000	0.74854318093808	0.021021255388500	50.000000000000	0.00000000000000
5.3455000000000	0.74859720597742	0.020109561175902	50.000000000000	0.00000000000000
5.3510000000000	0.74864911803949	0.019199867546310	50.000000000000	0.00000000000000
5.3565000000000	0.74869893527019	0.018292170619436	50.000000000000	0.00000000000000
5.3620000000000	0.74874667563309	0.017386466481475	50.000000000000	0.00000000000000
5.3675000000000	0.74879235691118	0.016482751186320	50.000000000000	0.00000000000000
5.3730000000000	0.74883599670859	0.015581020756625	50.000000000000	0.00000000000000
5.3785000000000	0.74887761245446	0.014681271184753	50.000000000000	0.00000000000000
5.3840000000000	0.74891722140325	0.013783498434313	50.000000000000	0.00000000000000
5.3895000000000	0.74895484063792	0.012887698441005	50.000000000000	0.00000000000000
5.3950000000000	0.74899048707181	0.011993867113476	50.000000000000	0.00000000000000
5.4005000000000	0.74902417745076	0.011102000334456	50.000000000000	0.00000000000000
5.4060000000000	0.74905592835476	0.010212093962079	50.000000000000	0.00000000000000
5.4115000000000	0.74908575620051	0.0093241438304604	50.000000000000	0.00000000000000
5.4170000000000	0.74911367724325	0.0084381457505211	50.000000000000	0.00000000000000
5.4225000000000	0.74913970757770	0.0075540955115480	50.000000000000	0.00000000000000
5.4280000000000	0.74916386314216	0.0066719888814655	50.000000000000	0.00000000000000
5.4335000000000	0.74918615971805	0.0057918216080165	50.000000000000	0.00000000000000
5.4390000000000	0.74920661293363	0.0049135894194271	50.000000000000	0.00000000000000
5.4445000000000	0.74922523826422	0.0040372880254031	50.000000000000	0.00000000000000
5.4500000000000	0.74924205103556	0.0031629131180198	50.000000000000	0.00000000000000
5.4555000000000	0.74925706642461	0.0022904603722662	50.000000000000	0.00000000000000
5.4610000000000	0.74927029946173	0.0014199254468738	50.000000000000	0.00000000000000
5.4665000000000	0.74928176503193	0.00055130398517042	50.000000000000	0.00000000000000
5.4720000000000	0.74929147787709	-0.00031540838402827	50.000000000000	0.00000000000000
5.4775000000000	0.74929945259782	-0.0011802160462065	50.000000000000	0.00000000000000
5.4830000000000	0.74930570365437	-0.0020431233999612	50.000000000000	0.00000000000000
5.4885000000000	0.74931024536874	-0.0029041348565250	50.000000000000	0.00000000000000
5.4940000000000	0.74931309192676	-0.0037632548391188	50.000000000000	0.00000000000000
5.4995000000000	0.74931425737859	-0.0046204877823569	50.000000000000	0.00000000000000
5.5050000000000	0.74931375564107	-0.0054758381312310	50.000000000000	0.00000000000000
5.5105000000000	0.74931160049955	-0.0063293103411815	50.000000000000	0.00000000000000
5.5160000000000	0.74930780560843	-0.0071809088768730	50.000000000000	0.00000000000000
5.5215000000000	0.74930238449336	-0.0080306382118504	50.000000000000	0.00000000000000
5.5270000000000	0.74929535055288	-0.0088785028280866	50.000000000000	0.00000000000000
5.5325000000000	0.74928671705942	-0.0097245072152236	50.000000000000	0.00000000000000
5.5380000000000	0.74927649716069	-0.010568655870113	50.000000000000	0.00000000000000
5.5435000000000	0.74926470388188	-0.011410953296346	50.000000000000	0.00000000000000
5.5490000000000	0.74925135012652	-0.012251404003676	50.000000000000	0.00000000000000
5.5545000000000	0.74923644867723	-0.013090012507535	50.000000000000	0.00000000000000
5.5600000000000	0.74922001219878	-0.013926783328467	50.000000000000	0.00000000000000
5.5655000000000	0.74920205323749	-0.014761720991756	50.000000000000	0.00000000000000
5.5710000000000	0.74918258422433	-0.015594830026949	50.000000000000	0.00000000000000
5.5765000000000	0.74916161747496	-0.016426114967605	50.000000000000	0.00000000000000
5.5820000000000	0.74913916519177	-0.017255580350083	50.000000000000	0.00000000000000
5.5875000000000	0.74911523946428	-0.018083230714198	50.000000000000	0.00000000000000
5.5930000000000	0.74908985227214	-0.018909070602094	50.000000000000	0.00000000000000
5.5985000000000	0.74906301548422	-0.019733104557911	50.000000000000	0.00000000000000
5.6040000000000	0.74903474086152	-0.020555337127547	50.000000000000	0.00000000000000
5.6095000000000	0.74900504005750	-0.021375772858318	50.000000000000	0.00000000000000
5.6150000000000	0.74897392461936	-0.022194416298306	50.000000000000	0.00000000000000
5.6205000000000	0.74894140599007	-0.023011271996425	50.000000000000	0.00000000000000
5.6260000000000	0.74890749550817	-0.023826344501421	50.000000000000	0.00000000000000
5.6315000000000	0.74887220440984	-0.024639638362249	50.000000000000	0.00000000000000
5.6370000000000	0.74883554382997	-0.025451158127206	50.000000000000	0.00000000000000
5.6425000000000	0.74879752480310	-0.026260908343871	50.000000000000	0.00000000000000
5.6480000000000	0.74875815826435	-0.027068893558629	50.000000000000	0.00000000000000
5.6535000000000	0.74871745505095	-0.027875118316478	50.000000000000	0.00000000000000
5.6590000000000	0.74867542590287	-0.028679587160538	50.000000000000	0.00000000000000
5.6645000000000	0.74863208146448	-0.029482304632164	50.000000000000	0.00000000000000
5.6700000000000	0.74858743228497	-0.030283275270124	50.000000000000	0.00000000000000
5.6755000000000	0.74854148881959	-0.031082503610638	50.000000000000	0.00000000000000
5.6810000000000	0.74849426143087	-0.031879994187111	50.000000000000	0.00000000000000
5.6865000000000	0.74844576038949	-0.032675751529726	50.000000000000	0.00000000000000
5.6920000000000	0.74839599587526	-0.033469780165256	50.000000000000	0.00000000000000
5.6975000000000	0.74834497797809	-0.034262084616908	50.000000000000	0.00000000000000
5.7030000000000	0.74829271669896	-0.035052669403722	50.000000000000	0.00000000000000
5.7085000000000	0.74823922195109	-0.035841539040918	50.000000000000	0.00000000000000
5.7140000000000	0.74818450356042	-0.036628698039092	50.000000000000	0.00000000000000
5.7195000000000	0.74812857126722	-0.037414150904336	50.000000000000	0.00000000000000
5.7250000000000	0.74807143472617	-0.038197902137870	50.000000000000	0.00000000000000
5.7305000000000	0.74801310350826	-0.038979956235897	50.000000000000	0.00000000000000
5.7360000000000	0.74795358710059	-0.039760317689322	50.000000000000	0.00000000000000
5.7415000000000	0.74789289490830	-0.040538990983664	50.000000000000	0.00000000000000
5.7470000000000	0.74783103625474	-0.041315980598758	50.000000000000	0.00000000000000
5.7525000000000	0.74776802038253	-0.042091291008541	50.000000000000	0.00000000000000
5.7580000000000	0.74770385645456	-0.042864926680992	50.000000000000	0.00000000000000
5.7635000000000	0.74763855355470	-0.043636892077908	50.000000000000	0.00000000000000
5.7690000000000	0.74757212068870	-0.044407191654562	50.000000000000	0.00000000000000
5.7745000000000	0.74750456678480	-0.045175829859816	50.000000000000	0.00000000000000
5.7800000000000	0.74743590069475	-0.045942811135723	50.000000000000	0.00000000000000
5.7855000000000	0.74736613119487	-0.046708139917443	50.000000000000	0.00000000000000
5.7910000000000	0.74729526698610	-0.047471820633193	50.000000000000	0.00000000000000
5.7965000000000	0.74722331669549	-0.048233857703936	50.000000000000	0.00000000000000
5.8020000000000	0.74715028887674	-0.048994255543243	50.000000000000	0.00000000000000
5.8075000000000	0.74707619201059	-0.049753018557245	50.000000000000	0.00000000000000
5.8130000000000	0.74700103450646	-0.050510151144557	50.000000000000	0.00000000000000
5.8185000000000	0.74692482470206	-0.051265657695864	50.000000000000	0.00000000000000
5.8240000000000	0.74684757086503	-0.052019542594018	50.000000000000	0.00000000000000
5.8295000000000	0.74676928119345	-0.052771810214004	50.000000000000	0.00000000000000
5.8350000000000	0.74668996381608	-0.053522464922431	50.000000000000	0.00000000000000
5.8405000000000	0.74660962679362	-0.054271511077800	50.000000000000	0.00000000000000
5.8460000000000	0.74652827811942	-0.055018953030233	50.000000000000	0.00000000000000
5.8515000000000	0.74644592571962	-0.055764795121365	50.000000000000	0.00000000000000
5.8570000000000	0.74636257745436	-0.056509041684167	50.000000000000	0.00000000000000
5.8625000000000	0.74627824111829	-0.057251697043012	50.000000000000	0.00000000000000
5.8680000000000	0.74619292444116	-0.057992765513415	50.000000000000	0.00000000000000
5.8735000000000	0.74610663508855	-0.058732251402031	50.000000000000	0.00000000000000
5.8790000000000	0.74601938066260	-0.059470159006544	50.000000000000	0.00000000000000
5.8845000000000	0.74593116870234	-0.060206492615473	50.000000000000	0.00000000000000
5.8900000000000	0.74584200668472	-0.060941256508217	50.000000000000	0.00000000000000
5.8955000000000	0.74575190202498	-0.061674454954943	50.000000000000	0.00000000000000
5.9010000000000	0.74566086207740	-0.062406092216449	50.000000000000	0.00000000000000
5.9065000000000	0.74556889413574	-0.063136172544099	50.000000000000	0.00000000000000
5.9120000000000	0.74547600543407	-0.063864700179782	50.000000000000	0.00000000000000
5.9175000000000	0.74538220314718	-0.064591679355823	50.000000000000	0.00000000000000
5.9230000000000	0.74528749439125	-0.065317114294873	50.000000000000	0.00000000000000
5.9285000000000	0.74519188622445	-0.066041009209901	50.000000000000	0.00000000000000
5.9340000000000	0.74509538564741	-0.066763368304049	50.000000000000	0.00000000000000
5.9395000000000	0.74499799960392	-0.067484195770684	50.000000000000	0.00000000000000
5.9450000000000	0.74489973498148	-0.068203495793219	50.000000000000	0.00000000000000
5.9505000000000	0.74480059861166	-0.068921272545088	50.000000000000	0.00000000000000
5.9560000000000	0.74470059727092	-0.069637530189738	50.000000000000	0.00000000000000
5.9615000000000	0.74459973768096	-0.070352272880518	50.000000000000	0.00000000000000
5.9670000000000	0.74449802650936	-0.071065504760652	50.000000000000	0.00000000000000
5.9725000000000	0.74439547037004	-0.071777229963159	50.000000000000	0.00000000000000
5.9780000000000	0.74429207582383	-0.072487452610870	50.000000000000	0.00000000000000
5.9835000000000	0.74418784937894	-0.073196176816294	50.000000000000	0.00000000000000
5.9890000000000	0.74408279749152	-0.073903406681635	50.000000000000	0.00000000000000
5.9945000000000	0.74397692656614	-0.074609146298736	50.000000000000	0.00000000000000
6.0000000000000	0.74387024295627	-0.075313399749025	50.000000000000	0.00000000000000
