#Parameters = {Disk_Antenna_1_S11_target_top=-15; Disk_Antenna_1_center_frequency=2.4; Disk_Antenna_1_central_pipe_radius=2.5; Disk_Antenna_1_connector_inner_diameter=1.74; Disk_Antenna_1_connector_outer_diameter=4; Disk_Antenna_1_direction_disks_diameter_1=54; Disk_Antenna_1_direction_disks_diameter_2=38; Disk_Antenna_1_direction_disks_diameter_3=37; Disk_Antenna_1_direction_disks_diameter_4=37; Disk_Antenna_1_direction_disks_diameter_5=37; Disk_Antenna_1_disk_metallization_thickness=0.5; Disk_Antenna_1_frequency_range=200; Disk_Antenna_1_inter_direction_disks_distance_1=32; Disk_Antenna_1_inter_direction_disks_distance_2=29; Disk_Antenna_1_inter_direction_disks_distance_3=29; Disk_Antenna_1_inter_direction_disks_distance_4=29; Disk_Antenna_1_line_direction_disk_distance=12; Disk_Antenna_1_line_disk_diameter=68; Disk_Antenna_1_main_line_disks_distance=11; Disk_Antenna_1_main_reflector_diameter=90; Disk_Antenna_1_number_direction_disk=5; Disk_Antenna_1_nut_diameter=8; Disk_Antenna_1_nut_height=1; Disk_Antenna_1_nut_thickness=3; Disk_Antenna_1_port_connection_offset=24}
#"Frequency / GHz"	"S1,1 [Re]"	"S1,1 [Im]"	"Ref.Imp. [Re]"	"Ref.Imp. [Im]"
#-------------------------------------------------------------------------
0.50000000000000	-0.084714119225122	0.94683465817636	50.000000000000	0.00000000000000
0.50550000000000	-0.071175730159322	0.94739364089485	50.000000000000	0.00000000000000
0.51100000000000	-0.057625096125769	0.94773694252767	50.000000000000	0.00000000000000
0.51650000000000	-0.044065039566546	0.94786332069817	50.000000000000	0.00000000000000
0.52200000000000	-0.030498400706621	0.94777150052878	50.000000000000	0.00000000000000
0.52750000000000	-0.016928041684799	0.94746017039979	50.000000000000	0.00000000000000
0.53300000000000	-0.0033568511654366	0.94692797767967	50.000000000000	0.00000000000000
0.53850000000000	0.010212250535064	0.94617352444474	50.000000000000	0.00000000000000
0.54400000000000	0.023776305770458	0.94519536320883	50.000000000000	0.00000000000000
0.54950000000000	0.037332313296347	0.94399199268717	50.000000000000	0.00000000000000
0.55500000000000	0.050877221369709	0.94256185362265	50.000000000000	0.00000000000000
0.56050000000000	0.064407920171473	0.94090332470729	50.000000000000	0.00000000000000
0.56600000000000	0.077921233504821	0.93901471863712	50.000000000000	0.00000000000000
0.57150000000000	0.091413909718815	0.93689427834470	50.000000000000	0.00000000000000
0.57700000000000	0.10488261180425	0.93454017346058	50.000000000000	0.00000000000000
0.58250000000000	0.11832390660571	0.93195049706310	50.000000000000	0.00000000000000
0.58800000000000	0.13173425309147	0.92912326278479	50.000000000000	0.00000000000000
0.59350000000000	0.14510998962030	0.92605640235455	50.000000000000	0.00000000000000
0.59900000000000	0.15844732014272	0.92274776366606	50.000000000000	0.00000000000000
0.60450000000000	0.17174229927248	0.91919510947691	50.000000000000	0.00000000000000
0.61000000000000	0.18499081616403	0.91539611685761	50.000000000000	0.00000000000000
0.61550000000000	0.19818857713181	0.91134837752726	50.000000000000	0.00000000000000
0.62100000000000	0.21133108694940	0.90704939923163	50.000000000000	0.00000000000000
0.62650000000000	0.22441362876978	0.90249660834112	50.000000000000	0.00000000000000
0.63200000000000	0.23743124261390	0.89768735387025	50.000000000000	0.00000000000000
0.63750000000000	0.25037870238301	0.89261891314713	50.000000000000	0.00000000000000
0.64300000000000	0.26325049136196	0.88728849939104	50.000000000000	0.00000000000000
0.64850000000000	0.27604077619624	0.88169327148856	50.000000000000	0.00000000000000
0.65400000000000	0.28874337934658	0.87583034629489	50.000000000000	0.00000000000000
0.65950000000000	0.30135175005129	0.86969681382473	50.000000000000	0.00000000000000
0.66500000000000	0.31385893386075	0.86328975573908	50.000000000000	0.00000000000000
0.67050000000000	0.32625754085069	0.85660626757756	50.000000000000	0.00000000000000
0.67600000000000	0.33853971267387	0.84964348523165	50.000000000000	0.00000000000000
0.68150000000000	0.35069708867428	0.84239861620088	50.000000000000	0.00000000000000
0.68700000000000	0.36272077136666	0.83486897622038	50.000000000000	0.00000000000000
0.69250000000000	0.37460129167905	0.82705203189277	50.000000000000	0.00000000000000
0.69800000000000	0.38632857446919	0.81894544999779	50.000000000000	0.00000000000000
0.70350000000000	0.39789190495995	0.81054715418627	50.000000000000	0.00000000000000
0.70900000000000	0.40927989689631	0.80185538978756	50.000000000000	0.00000000000000
0.71450000000000	0.42048046340973	0.79286879746533	50.000000000000	0.00000000000000
0.72000000000000	0.43148079178635	0.78358649644157	50.000000000000	0.00000000000000
0.72550000000000	0.44226732357522	0.77400817796281	50.000000000000	0.00000000000000
0.73100000000000	0.45282574174151	0.76413420959867	50.000000000000	0.00000000000000
0.73650000000000	0.46314096686716	0.75396575082943	50.000000000000	0.00000000000000
0.74200000000000	0.47319716472300	0.74350488018371	50.000000000000	0.00000000000000
0.74750000000000	0.48297776787849	0.73275473391505	50.000000000000	0.00000000000000
0.75300000000000	0.49246551436493	0.72171965584261	50.000000000000	0.00000000000000
0.75850000000000	0.50164250675474	0.71040535750808	50.000000000000	0.00000000000000
0.76400000000000	0.51049029533923	0.69881908720228	50.000000000000	0.00000000000000
0.76950000000000	0.51898998935582	0.68696980567487	50.000000000000	0.00000000000000
0.77500000000000	0.52712240039559	0.67486836544585	50.000000000000	0.00000000000000
0.78050000000000	0.53486822217006	0.66252768958076	50.000000000000	0.00000000000000
0.78600000000000	0.54220825067719	0.64996294457385	50.000000000000	0.00000000000000
0.79150000000000	0.54912364841919	0.63719170061816	50.000000000000	0.00000000000000
0.79700000000000	0.55559625561686	0.62423407106025	50.000000000000	0.00000000000000
0.80250000000000	0.56160895026336	0.61111282129216	50.000000000000	0.00000000000000
0.80800000000000	0.56714605729081	0.59785343580672	50.000000000000	0.00000000000000
0.81350000000000	0.57219380502120	0.58448413074553	50.000000000000	0.00000000000000
0.81900000000000	0.57674082439612	0.57103579815139	50.000000000000	0.00000000000000
0.82450000000000	0.58077868321587	0.55754186747896	50.000000000000	0.00000000000000
0.83000000000000	0.58430244380975	0.54403806993221	50.000000000000	0.00000000000000
0.83550000000000	0.58731122831080	0.53056209211308	50.000000000000	0.00000000000000
0.84100000000000	0.58980877121119	0.51715310751228	50.000000000000	0.00000000000000
0.84650000000000	0.59180393441156	0.50385117774974	50.000000000000	0.00000000000000
0.85200000000000	0.59331115592912	0.49069652031416	50.000000000000	0.00000000000000
0.85750000000000	0.59435080026189	0.47772864588846	50.000000000000	0.00000000000000
0.86300000000000	0.59494937664190	0.46498537606063	50.000000000000	0.00000000000000
0.86850000000000	0.59513959158497	0.45250176100426	50.000000000000	0.00000000000000
0.87400000000000	0.59496020473304	0.44030892605925	50.000000000000	0.00000000000000
0.87950000000000	0.59445566232753	0.42843288533914	50.000000000000	0.00000000000000
0.88500000000000	0.59367549086026	0.41689336866166	50.000000000000	0.00000000000000
0.89050000000000	0.59267344433504	0.40570271427903	50.000000000000	0.00000000000000
0.89600000000000	0.59150641159936	0.39486488313613	50.000000000000	0.00000000000000
0.90150000000000	0.59023310448044	0.38437464993000	50.000000000000	0.00000000000000
0.90700000000000	0.58891256179304	0.37421702160871	50.000000000000	0.00000000000000
0.91250000000000	0.58760251730537	0.36436692508225	50.000000000000	0.00000000000000
0.91800000000000	0.58635769006205	0.35478919326779	50.000000000000	0.00000000000000
0.92350000000000	0.58522806185934	0.34543886309738	50.000000000000	0.00000000000000
0.92900000000000	0.58425720829662	0.33626178213400	50.000000000000	0.00000000000000
0.93450000000000	0.58348074635696	0.32719550358206	50.000000000000	0.00000000000000
0.94000000000000	0.58292495314366	0.31817043440313	50.000000000000	0.00000000000000
0.94550000000000	0.58260559803543	0.30911118943889	50.000000000000	0.00000000000000
0.95100000000000	0.58252701539201	0.29993809701293	50.000000000000	0.00000000000000
0.95650000000000	0.58268142859892	0.29056879903110	50.000000000000	0.00000000000000
0.96200000000000	0.58304852031204	0.28091989116636	50.000000000000	0.00000000000000
0.96750000000000	0.58359522974030	0.27090855581436	50.000000000000	0.00000000000000
0.97300000000000	0.58427574688542	0.26045415124094	50.000000000000	0.00000000000000
0.97850000000000	0.58503166663975	0.24947973355568	50.000000000000	0.00000000000000
0.98400000000000	0.58579226291003	0.23791350258832	50.000000000000	0.00000000000000
0.98950000000000	0.58647484448964	0.22569017722568	50.000000000000	0.00000000000000
0.99500000000000	0.58698515996402	0.21275231925839	50.000000000000	0.00000000000000
1.0005000000000	0.58721782804768	0.19905163647426	50.000000000000	0.00000000000000
1.0060000000000	0.58705678190462	0.18455030501561	50.000000000000	0.00000000000000
1.0115000000000	0.58637573071349	0.16922235744694	50.000000000000	0.00000000000000
1.0170000000000	0.58503865861433	0.15305518618897	50.000000000000	0.00000000000000
1.0225000000000	0.58290039991956	0.13605121156516	50.000000000000	0.00000000000000
1.0280000000000	0.57980734985790	0.11822975914139	50.000000000000	0.00000000000000
1.0335000000000	0.57559839188106	0.099629181543498	50.000000000000	0.00000000000000
1.0390000000000	0.57010614525707	0.080309244426982	50.000000000000	0.00000000000000
1.0445000000000	0.56315865947503	0.060353773331573	50.000000000000	0.00000000000000
1.0500000000000	0.55458170342278	0.039873526077683	50.000000000000	0.00000000000000
1.0555000000000	0.54420181494800	0.019009212329561	50.000000000000	0.00000000000000
1.0610000000000	0.53185028657408	-0.0020654736543269	50.000000000000	0.00000000000000
1.0665000000000	0.51736826054663	-0.023141010098990	50.000000000000	0.00000000000000
1.0720000000000	0.50061308406347	-0.043969679377947	50.000000000000	0.00000000000000
1.0775000000000	0.48146602498797	-0.064264050055247	50.000000000000	0.00000000000000
1.0830000000000	0.45984136025552	-0.083696777938728	50.000000000000	0.00000000000000
1.0885000000000	0.43569671499528	-0.10190227653757	50.000000000000	0.00000000000000
1.0940000000000	0.40904434491905	-0.11848085868252	50.000000000000	0.00000000000000
1.0995000000000	0.37996281973436	-0.13300594642680	50.000000000000	0.00000000000000
1.1050000000000	0.34860829491805	-0.14503485588956	50.000000000000	0.00000000000000
1.1105000000000	0.31522428300794	-0.15412345847518	50.000000000000	0.00000000000000
1.1160000000000	0.28014860214269	-0.15984468030879	50.000000000000	0.00000000000000
1.1215000000000	0.24381605404226	-0.16181032894911	50.000000000000	0.00000000000000
1.1270000000000	0.20675543870817	-0.15969516432683	50.000000000000	0.00000000000000
1.1325000000000	0.16957981184970	-0.15326153385754	50.000000000000	0.00000000000000
1.1380000000000	0.13296946290092	-0.14238238290109	50.000000000000	0.00000000000000
1.1435000000000	0.097647908272247	-0.12706016612793	50.000000000000	0.00000000000000
1.1490000000000	0.064352155723887	-0.10743924713822	50.000000000000	0.00000000000000
1.1545000000000	0.033799434534522	-0.083809854519257	50.000000000000	0.00000000000000
1.1600000000000	0.0066533009313394	-0.056602544267031	50.000000000000	0.00000000000000
1.1655000000000	-0.016507663799646	-0.026373277793983	50.000000000000	0.00000000000000
1.1710000000000	-0.035215549807357	0.0062195482060900	50.000000000000	0.00000000000000
1.1765000000000	-0.049130902750134	0.040443733144318	50.000000000000	0.00000000000000
1.1820000000000	-0.058051362116794	0.075524513655395	50.000000000000	0.00000000000000
1.1875000000000	-0.061911144822656	0.11067519922432	50.000000000000	0.00000000000000
1.1930000000000	-0.060772502695577	0.14512431669177	50.000000000000	0.00000000000000
1.1985000000000	-0.054811142135832	0.17813708389491	50.000000000000	0.00000000000000
1.2040000000000	-0.044298075800879	0.20902993408360	50.000000000000	0.00000000000000
1.2095000000000	-0.029580481172397	0.23717772268680	50.000000000000	0.00000000000000
1.2150000000000	-0.011063952530295	0.26201402194070	50.000000000000	0.00000000000000
1.2205000000000	0.010801821031176	0.28302547138765	50.000000000000	0.00000000000000
1.2260000000000	0.035532304324620	0.29974150074719	50.000000000000	0.00000000000000
1.2315000000000	0.062610949473710	0.31172093492332	50.000000000000	0.00000000000000
1.2370000000000	0.091484423033738	0.31853713326030	50.000000000000	0.00000000000000
1.2425000000000	0.12154900419020	0.31976354588237	50.000000000000	0.00000000000000
1.2480000000000	0.15212674191330	0.31496206328558	50.000000000000	0.00000000000000
1.2535000000000	0.18242971411119	0.30367751047817	50.000000000000	0.00000000000000
1.2590000000000	0.21151067023242	0.28544336873820	50.000000000000	0.00000000000000
1.2645000000000	0.23819895421181	0.25980661107397	50.000000000000	0.00000000000000
1.2700000000000	0.26102285236414	0.22638365682927	50.000000000000	0.00000000000000
1.2755000000000	0.27812509636817	0.18496471410181	50.000000000000	0.00000000000000
1.2810000000000	0.28718985910319	0.13568874000694	50.000000000000	0.00000000000000
1.2865000000000	0.28542049129469	0.079311473415093	50.000000000000	0.00000000000000
1.2920000000000	0.26963891520086	0.017574483876638	50.000000000000	0.00000000000000
1.2975000000000	0.23661264952972	-0.046363179064493	50.000000000000	0.00000000000000
1.3030000000000	0.18372456978901	-0.10756524689790	50.000000000000	0.00000000000000
1.3085000000000	0.11002162435288	-0.15930201154279	50.000000000000	0.00000000000000
1.3140000000000	0.017442423742952	-0.19373934074227	50.000000000000	0.00000000000000
1.3195000000000	-0.088336788360804	-0.20354717347446	50.000000000000	0.00000000000000
1.3250000000000	-0.19820090456258	-0.18410979981961	50.000000000000	0.00000000000000
1.3305000000000	-0.30142002305140	-0.13534204479545	50.000000000000	0.00000000000000
1.3360000000000	-0.38840393099652	-0.061986812653033	50.000000000000	0.00000000000000
1.3415000000000	-0.45302435723267	0.027892270289226	50.000000000000	0.00000000000000
1.3470000000000	-0.49342206049020	0.12534963959803	50.000000000000	0.00000000000000
1.3525000000000	-0.51127941619025	0.22265890264382	50.000000000000	0.00000000000000
1.3580000000000	-0.51034636070431	0.31436397281445	50.000000000000	0.00000000000000
1.3635000000000	-0.49503981251947	0.39734214038171	50.000000000000	0.00000000000000
1.3690000000000	-0.46951731834618	0.47032072209605	50.000000000000	0.00000000000000
1.3745000000000	-0.43724033289209	0.53325744574717	50.000000000000	0.00000000000000
1.3800000000000	-0.40087379785237	0.58680905998686	50.000000000000	0.00000000000000
1.3855000000000	-0.36236015643665	0.63195605553568	50.000000000000	0.00000000000000
1.3910000000000	-0.32305689046854	0.66977037929694	50.000000000000	0.00000000000000
1.3965000000000	-0.28387837778115	0.70128756850139	50.000000000000	0.00000000000000
1.4020000000000	-0.24541741869607	0.72744596089541	50.000000000000	0.00000000000000
1.4075000000000	-0.20804026929090	0.74906515395101	50.000000000000	0.00000000000000
1.4130000000000	-0.17195716511430	0.76684550114887	50.000000000000	0.00000000000000
1.4185000000000	-0.13727298016893	0.78137768016763	50.000000000000	0.00000000000000
1.4240000000000	-0.10402284533156	0.79315615515301	50.000000000000	0.00000000000000
1.4295000000000	-0.072196818450195	0.80259328022457	50.000000000000	0.00000000000000
1.4350000000000	-0.041756775021461	0.81003248136611	50.000000000000	0.00000000000000
1.4405000000000	-0.012647855308540	0.81575988360240	50.000000000000	0.00000000000000
1.4460000000000	0.015193859342547	0.82001423478964	50.000000000000	0.00000000000000
1.4515000000000	0.041836263956846	0.82299521092545	50.000000000000	0.00000000000000
1.4570000000000	0.067347921854671	0.82487028541592	50.000000000000	0.00000000000000
1.4625000000000	0.091795964549422	0.82578037177134	50.000000000000	0.00000000000000
1.4680000000000	0.11524480954428	0.82584444209968	50.000000000000	0.00000000000000
1.4735000000000	0.13775542816035	0.82516330208947	50.000000000000	0.00000000000000
1.4790000000000	0.15938497982810	0.82382267703441	50.000000000000	0.00000000000000
1.4845000000000	0.18018668729873	0.82189573777264	50.000000000000	0.00000000000000
1.4900000000000	0.20020986713377	0.81944517233246	50.000000000000	0.00000000000000
1.4955000000000	0.21950005726163	0.81652488929393	50.000000000000	0.00000000000000
1.5010000000000	0.23809920224423	0.81318142238820	50.000000000000	0.00000000000000
1.5065000000000	0.25604586985143	0.80945509235161	50.000000000000	0.00000000000000
1.5120000000000	0.27337548143414	0.80538097110827	50.000000000000	0.00000000000000
1.5175000000000	0.29012054468062	0.80098968454702	50.000000000000	0.00000000000000
1.5230000000000	0.30631088150219	0.79630808309703	50.000000000000	0.00000000000000
1.5285000000000	0.32197384662291	0.79135980365682	50.000000000000	0.00000000000000
1.5340000000000	0.33713453435473	0.78616574191411	50.000000000000	0.00000000000000
1.5395000000000	0.35181597231124	0.78074445048157	50.000000000000	0.00000000000000
1.5450000000000	0.36603930164619	0.77511247538170	50.000000000000	0.00000000000000
1.5505000000000	0.37982394393599	0.76928464109636	50.000000000000	0.00000000000000
1.5560000000000	0.39318775515267	0.76327429253486	50.000000000000	0.00000000000000
1.5615000000000	0.40614716736194	0.75709350077729	50.000000000000	0.00000000000000
1.5670000000000	0.41871731887647	0.75075323824212	50.000000000000	0.00000000000000
1.5725000000000	0.43091217362880	0.74426352795132	50.000000000000	0.00000000000000
1.5780000000000	0.44274463052358	0.73763357077602	50.000000000000	0.00000000000000
1.5835000000000	0.45422662350065	0.73087185390342	50.000000000000	0.00000000000000
1.5890000000000	0.46536921299893	0.72398624324323	50.000000000000	0.00000000000000
1.5945000000000	0.47618266946314	0.71698406206483	50.000000000000	0.00000000000000
1.6000000000000	0.48667654948570	0.70987215780665	50.000000000000	0.00000000000000
1.6055000000000	0.49685976512801	0.70265695871148	50.000000000000	0.00000000000000
1.6110000000000	0.50674064691970	0.69534452170405	50.000000000000	0.00000000000000
1.6165000000000	0.51632700099313	0.68794057273008	50.000000000000	0.00000000000000
1.6220000000000	0.52562616077339	0.68045054061159	50.000000000000	0.00000000000000
1.6275000000000	0.53464503361130	0.67287958533541	50.000000000000	0.00000000000000
1.6330000000000	0.54339014271875	0.66523262157506	50.000000000000	0.00000000000000
1.6385000000000	0.55186766474050	0.65751433814697	50.000000000000	0.00000000000000
1.6440000000000	0.56008346327611	0.64972921401664	50.000000000000	0.00000000000000
1.6495000000000	0.56804311864652	0.64188153139655	50.000000000000	0.00000000000000
1.6550000000000	0.57575195418436	0.63397538641305	50.000000000000	0.00000000000000
1.6605000000000	0.58321505931273	0.62601469776271	50.000000000000	0.00000000000000
1.6660000000000	0.59043730966474	0.61800321372793	50.000000000000	0.00000000000000
1.6715000000000	0.59742338448450	0.60994451787683	50.000000000000	0.00000000000000
1.6770000000000	0.60417778153969	0.60184203373161	50.000000000000	0.00000000000000
1.6825000000000	0.61070482976542	0.59369902865301	50.000000000000	0.00000000000000
1.6880000000000	0.61700869984913	0.58551861715551	50.000000000000	0.00000000000000
1.6935000000000	0.62309341295671	0.57730376383760	50.000000000000	0.00000000000000
1.6990000000000	0.62896284778942	0.56905728608431	50.000000000000	0.00000000000000
1.7045000000000	0.63462074615202	0.56078185667464	50.000000000000	0.00000000000000
1.7100000000000	0.64007071720159	0.55248000640385	50.000000000000	0.00000000000000
1.7155000000000	0.64531624053681	0.54415412681126	50.000000000000	0.00000000000000
1.7210000000000	0.65036066827668	0.53580647308553	50.000000000000	0.00000000000000
1.7265000000000	0.65520722626750	0.52743916720427	50.000000000000	0.00000000000000
1.7320000000000	0.65985901454626	0.51905420135046	50.000000000000	0.00000000000000
1.7375000000000	0.66431900717842	0.51065344163626	50.000000000000	0.00000000000000
1.7430000000000	0.66859005157759	0.50223863215434	50.000000000000	0.00000000000000
1.7485000000000	0.67267486740505	0.49381139936818	50.000000000000	0.00000000000000
1.7540000000000	0.67657604513682	0.48537325684510	50.000000000000	0.00000000000000
1.7595000000000	0.68029604437741	0.47692561033042	50.000000000000	0.00000000000000
1.7650000000000	0.68383719198983	0.46846976315613	50.000000000000	0.00000000000000
1.7705000000000	0.68720168010396	0.46000692197372	50.000000000000	0.00000000000000
1.7760000000000	0.69039156405667	0.45153820279894	50.000000000000	0.00000000000000
1.7815000000000	0.69340876031085	0.44306463735397	50.000000000000	0.00000000000000
1.7870000000000	0.69625504439350	0.43458717969229	50.000000000000	0.00000000000000
1.7925000000000	0.69893204888705	0.42610671309084	50.000000000000	0.00000000000000
1.7980000000000	0.70144126150336	0.41762405719531	50.000000000000	0.00000000000000
1.8035000000000	0.70378402326468	0.40913997540438	50.000000000000	0.00000000000000
1.8090000000000	0.70596152681254	0.40065518248136	50.000000000000	0.00000000000000
1.8145000000000	0.70797481486167	0.39217035238212	50.000000000000	0.00000000000000
1.8200000000000	0.70982477881399	0.38368612629115	50.000000000000	0.00000000000000
1.8255000000000	0.71151215754512	0.37520312085908	50.000000000000	0.00000000000000
1.8310000000000	0.71303753637502	0.36672193663764	50.000000000000	0.00000000000000
1.8365000000000	0.71440134623282	0.35824316670993	50.000000000000	0.00000000000000
1.8420000000000	0.71560386302609	0.34976740551660	50.000000000000	0.00000000000000
1.8475000000000	0.71664520722482	0.34129525788023	50.000000000000	0.00000000000000
1.8530000000000	0.71752534367077	0.33282734823291	50.000000000000	0.00000000000000
1.8585000000000	0.71824408162443	0.32436433005344	50.000000000000	0.00000000000000
1.8640000000000	0.71880107506305	0.31590689552307	50.000000000000	0.00000000000000
1.8695000000000	0.71919582324533	0.30745578540954	50.000000000000	0.00000000000000
1.8750000000000	0.71942767156088	0.29901179919140	50.000000000000	0.00000000000000
1.8805000000000	0.71949581268500	0.29057580543506	50.000000000000	0.00000000000000
1.8860000000000	0.71939928806307	0.28214875243831	50.000000000000	0.00000000000000
1.8915000000000	0.71913698975165	0.27373167915423	50.000000000000	0.00000000000000
1.8970000000000	0.71870766264817	0.26532572640975	50.000000000000	0.00000000000000
1.9025000000000	0.71810990714422	0.25693214843285	50.000000000000	0.00000000000000
1.9080000000000	0.71734218224319	0.24855232470141	50.000000000000	0.00000000000000
1.9135000000000	0.71640280918666	0.24018777212583	50.000000000000	0.00000000000000
1.9190000000000	0.71528997564010	0.23184015757565	50.000000000000	0.00000000000000
1.9245000000000	0.71400174049331	0.22351131075773	50.000000000000	0.00000000000000
1.9300000000000	0.71253603933650	0.21520323745122	50.000000000000	0.00000000000000
1.9355000000000	0.71089069067959	0.20691813309988	50.000000000000	0.00000000000000
1.9410000000000	0.70906340298731	0.19865839675852	50.000000000000	0.00000000000000
1.9465000000000	0.70705178260996	0.19042664538437	50.000000000000	0.00000000000000
1.9520000000000	0.70485334269485	0.18222572845794	50.000000000000	0.00000000000000
1.9575000000000	0.70246551317085	0.17405874291034	50.000000000000	0.00000000000000
1.9630000000000	0.69988565190373	0.16592904832552	50.000000000000	0.00000000000000
1.9685000000000	0.69711105712660	0.15784028237570	50.000000000000	0.00000000000000
1.9740000000000	0.69413898125525	0.14979637643706	50.000000000000	0.00000000000000
1.9795000000000	0.69096664620353	0.14180157132013	50.000000000000	0.00000000000000
1.9850000000000	0.68759126031847	0.13386043303462	50.000000000000	0.00000000000000
1.9905000000000	0.68401003705892	0.12597786849270	50.000000000000	0.00000000000000
1.9960000000000	0.68022021554379	0.11815914103686	50.000000000000	0.00000000000000
2.0015000000000	0.67621908309804	0.11040988565871	50.000000000000	0.00000000000000
2.0070000000000	0.67200399992377	0.10273612375380	50.000000000000	0.00000000000000
2.0125000000000	0.66757242602184	0.095144277233949	50.000000000000	0.00000000000000
2.0180000000000	0.66292195048496	0.087641181793487	50.000000000000	0.00000000000000
2.0235000000000	0.65805032327549	0.080234099098357	50.000000000000	0.00000000000000
2.0290000000000	0.65295548959081	0.072930727638549	50.000000000000	0.00000000000000
2.0345000000000	0.64763562690450	0.065739211953687	50.000000000000	0.00000000000000
2.0400000000000	0.64208918475272	0.058668149910054	50.000000000000	0.00000000000000
2.0455000000000	0.63631492731158	0.051726597674823	50.000000000000	0.00000000000000
2.0510000000000	0.63031197878197	0.044924072000213	50.000000000000	0.00000000000000
2.0565000000000	0.62407987156297	0.038270549397556	50.000000000000	0.00000000000000
2.0620000000000	0.61761859715322	0.031776461749344	50.000000000000	0.00000000000000
2.0675000000000	0.61092865967006	0.025452687877326	50.000000000000	0.00000000000000
2.0730000000000	0.60401113181989	0.019310540557482	50.000000000000	0.00000000000000
2.0785000000000	0.59686771308798	0.013361748449760	50.000000000000	0.00000000000000
2.0840000000000	0.58950078984300	0.0076184323929748	50.000000000000	0.00000000000000
2.0895000000000	0.58191349697013	0.0020930755050009	50.000000000000	0.00000000000000
2.0950000000000	0.57410978055718	-0.0032015134728707	50.000000000000	0.00000000000000
2.1005000000000	0.56609446106069	-0.0082522441389500	50.000000000000	0.00000000000000
2.1060000000000	0.55787329627553	-0.013045796230463	50.000000000000	0.00000000000000
2.1115000000000	0.54945304332159	-0.017568679750432	50.000000000000	0.00000000000000
2.1170000000000	0.54084151874819	-0.021807303858445	50.000000000000	0.00000000000000
2.1225000000000	0.53204765574136	-0.025748054887423	50.000000000000	0.00000000000000
2.1280000000000	0.52308155730591	-0.029377383753041	50.000000000000	0.00000000000000
2.1335000000000	0.51395454418402	-0.032681902904209	50.000000000000	0.00000000000000
2.1390000000000	0.50467919617150	-0.035648492820780	50.000000000000	0.00000000000000
2.1445000000000	0.49526938540449	-0.038264417897746	50.000000000000	0.00000000000000
2.1500000000000	0.48574030011869	-0.040517451363903	50.000000000000	0.00000000000000
2.1555000000000	0.47610845733605	-0.042396008668182	50.000000000000	0.00000000000000
2.1610000000000	0.46639170291536	-0.043889288530785	50.000000000000	0.00000000000000
2.1665000000000	0.45660919741881	-0.044987420602264	50.000000000000	0.00000000000000
2.1720000000000	0.44678138630244	-0.045681618406250	50.000000000000	0.00000000000000
2.1775000000000	0.43692995303922	-0.045964335966990	50.000000000000	0.00000000000000
2.1830000000000	0.42707775393294	-0.045829426248354	50.000000000000	0.00000000000000
2.1885000000000	0.41724873358292	-0.045272299265579	50.000000000000	0.00000000000000
2.1940000000000	0.40746782021502	-0.044290077484519	50.000000000000	0.00000000000000
2.1995000000000	0.39776080040227	-0.042881745906603	50.000000000000	0.00000000000000
2.2050000000000	0.38815417305728	-0.041048294062442	50.000000000000	0.00000000000000
2.2105000000000	0.37867498298187	-0.038792847014632	50.000000000000	0.00000000000000
2.2160000000000	0.36935063469963	-0.036120782411844	50.000000000000	0.00000000000000
2.2215000000000	0.36020868776445	-0.033039830651725	50.000000000000	0.00000000000000
2.2270000000000	0.35127663521711	-0.029560155307529	50.000000000000	0.00000000000000
2.2325000000000	0.34258166733994	-0.025694411158530	50.000000000000	0.00000000000000
2.2380000000000	0.33415042331628	-0.021457777439519	50.000000000000	0.00000000000000
2.2435000000000	0.32600873382023	-0.016867964289014	50.000000000000	0.00000000000000
2.2490000000000	0.31818135792294	-0.011945190823951	50.000000000000	0.00000000000000
2.2545000000000	0.31069171798688	-0.0067121337910403	50.000000000000	0.00000000000000
2.2600000000000	0.30356163641110	-0.0011938463279867	50.000000000000	0.00000000000000
2.2655000000000	0.29681107817618	0.0045823530063472	50.000000000000	0.00000000000000
2.2710000000000	0.29045790310486	0.010587020126011	50.000000000000	0.00000000000000
2.2765000000000	0.28451763159840	0.016788752783525	50.000000000000	0.00000000000000
2.2820000000000	0.27900322732800	0.023154383335151	50.000000000000	0.00000000000000
2.2875000000000	0.27392489995904	0.029649194267553	50.000000000000	0.00000000000000
2.2930000000000	0.26928993047383	0.036237153358064	50.000000000000	0.00000000000000
2.2985000000000	0.26510252104952	0.042881164950995	50.000000000000	0.00000000000000
2.3040000000000	0.26136367076250	0.049543333561646	50.000000000000	0.00000000000000
2.3095000000000	0.25807107764980	0.056185235883169	50.000000000000	0.00000000000000
2.3150000000000	0.25521906688927	0.062768197279826	50.000000000000	0.00000000000000
2.3205000000000	0.25279854408766	0.069253569008837	50.000000000000	0.00000000000000
2.3260000000000	0.25079697191827	0.075603002722722	50.000000000000	0.00000000000000
2.3315000000000	0.24919836765102	0.081778719260693	50.000000000000	0.00000000000000
2.3370000000000	0.24798331849298	0.087743769333564	50.000000000000	0.00000000000000
2.3425000000000	0.24712901112648	0.093462284431394	50.000000000000	0.00000000000000
2.3480000000000	0.24660927141348	0.098899717124294	50.000000000000	0.00000000000000
2.3500000000000	0.24649756733630	0.10080077706570	50.000000000000	0.00000000000000
2.3535000000000	0.24639460994471	0.10402307087232	50.000000000000	0.00000000000000
2.3590000000000	0.24645226896243	0.10880112049831	50.000000000000	0.00000000000000
2.3645000000000	0.24674626619033	0.11320462559856	50.000000000000	0.00000000000000
2.3700000000000	0.24723743127401	0.11720654036344	50.000000000000	0.00000000000000
2.3755000000000	0.24788343088836	0.12078222455054	50.000000000000	0.00000000000000
2.3810000000000	0.24863877912251	0.12390966169561	50.000000000000	0.00000000000000
2.3865000000000	0.24945483053943	0.12656969206530	50.000000000000	0.00000000000000
2.3920000000000	0.25027975436618	0.12874626935218	50.000000000000	0.00000000000000
2.3975000000000	0.25105848965862	0.13042675168848	50.000000000000	0.00000000000000
2.4000000000000	0.25138153158435	0.13102405408984	50.000000000000	0.00000000000000
2.4030000000000	0.25173268307913	0.13160223920491	50.000000000000	0.00000000000000
2.4085000000000	0.25224061322853	0.13226797206454	50.000000000000	0.00000000000000
2.4140000000000	0.25251710841646	0.13242380461718	50.000000000000	0.00000000000000
2.4195000000000	0.25249346850164	0.13207477296645	50.000000000000	0.00000000000000
2.4250000000000	0.25209740618392	0.13123177468446	50.000000000000	0.00000000000000
2.4305000000000	0.25125302911576	0.12991238043006	50.000000000000	0.00000000000000
2.4360000000000	0.24988089167507	0.12814179749456	50.000000000000	0.00000000000000
2.4415000000000	0.24789815446150	0.12595400432633	50.000000000000	0.00000000000000
2.4470000000000	0.24521890076044	0.12339307217677	50.000000000000	0.00000000000000
2.4500000000000	0.24343236343649	0.12185832034180	50.000000000000	0.00000000000000
2.4525000000000	0.24175467247490	0.12051468420958	50.000000000000	0.00000000000000
2.4580000000000	0.23741530324787	0.11738785244651	50.000000000000	0.00000000000000
2.4635000000000	0.23211014319672	0.11409681715590	50.000000000000	0.00000000000000
2.4690000000000	0.22574978674324	0.11074308974349	50.000000000000	0.00000000000000
2.4745000000000	0.21824843039056	0.10744756663844	50.000000000000	0.00000000000000
2.4800000000000	0.20952699756566	0.10435259583520	50.000000000000	0.00000000000000
2.4855000000000	0.19951716762326	0.10162381789845	50.000000000000	0.00000000000000
2.4910000000000	0.18816642843025	0.099451528966875	50.000000000000	0.00000000000000
2.4965000000000	0.17544422696471	0.098051226889345	50.000000000000	0.00000000000000
2.5020000000000	0.16134920858217	0.097662909911761	50.000000000000	0.00000000000000
2.5075000000000	0.14591740124183	0.098548613851246	50.000000000000	0.00000000000000
2.5130000000000	0.12923100713909	0.10098762082765	50.000000000000	0.00000000000000
2.5185000000000	0.11142721010123	0.10526878255972	50.000000000000	0.00000000000000
2.5240000000000	0.092706107487262	0.11167951420231	50.000000000000	0.00000000000000
2.5295000000000	0.073336568547763	0.12049127234033	50.000000000000	0.00000000000000
2.5350000000000	0.053658575223830	0.13194176283623	50.000000000000	0.00000000000000
2.5405000000000	0.034080512463288	0.14621472874117	50.000000000000	0.00000000000000
2.5460000000000	0.015070053081273	0.16341888902442	50.000000000000	0.00000000000000
2.5515000000000	-0.0028621820869280	0.18356830879386	50.000000000000	0.00000000000000
2.5570000000000	-0.019186089418993	0.20656698889846	50.000000000000	0.00000000000000
2.5625000000000	-0.033381360232077	0.23220054814068	50.000000000000	0.00000000000000
2.5680000000000	-0.044969971918526	0.26013736167624	50.000000000000	0.00000000000000
2.5735000000000	-0.053548260872874	0.28994037588527	50.000000000000	0.00000000000000
2.5790000000000	-0.058814504785849	0.32108920182691	50.000000000000	0.00000000000000
2.5845000000000	-0.060588313578383	0.35301034567617	50.000000000000	0.00000000000000
2.5900000000000	-0.058819306622580	0.38511200968071	50.000000000000	0.00000000000000
2.5955000000000	-0.053584278583157	0.41681917534181	50.000000000000	0.00000000000000
2.6010000000000	-0.045073892240045	0.44760484043132	50.000000000000	0.00000000000000
2.6065000000000	-0.033571430519524	0.47701423339033	50.000000000000	0.00000000000000
2.6120000000000	-0.019426977285931	0.50468026332473	50.000000000000	0.00000000000000
2.6175000000000	-0.0030304889494985	0.53032998231562	50.000000000000	0.00000000000000
2.6230000000000	0.015213307537535	0.55378309334855	50.000000000000	0.00000000000000
2.6285000000000	0.034906146620203	0.57494433243025	50.000000000000	0.00000000000000
2.6340000000000	0.055672525964338	0.59379185308914	50.000000000000	0.00000000000000
2.6395000000000	0.077170881313866	0.61036363546386	50.000000000000	0.00000000000000
2.6450000000000	0.099100064584824	0.62474357945369	50.000000000000	0.00000000000000
2.6505000000000	0.12120192062767	0.63704847117493	50.000000000000	0.00000000000000
2.6560000000000	0.14326089692145	0.64741654850310	50.000000000000	0.00000000000000
2.6615000000000	0.16510159653838	0.65599800284247	50.000000000000	0.00000000000000
2.6670000000000	0.18658506441984	0.66294746757286	50.000000000000	0.00000000000000
2.6725000000000	0.20760443496307	0.66841835761296	50.000000000000	0.00000000000000
2.6780000000000	0.22808040294209	0.67255882258061	50.000000000000	0.00000000000000
2.6835000000000	0.24795683180201	0.67550903616576	50.000000000000	0.00000000000000
2.6890000000000	0.26719669307954	0.67739954549160	50.000000000000	0.00000000000000
2.6945000000000	0.28577843979088	0.67835042921444	50.000000000000	0.00000000000000
2.7000000000000	0.30369285227933	0.67847104935478	50.000000000000	0.00000000000000
2.7055000000000	0.32094035247486	0.67786022107372	50.000000000000	0.00000000000000
2.7110000000000	0.33752875666290	0.67660666189280	50.000000000000	0.00000000000000
2.7165000000000	0.35347142304570	0.67478961469322	50.000000000000	0.00000000000000
2.7220000000000	0.36878574478451	0.67247956628968	50.000000000000	0.00000000000000
2.7275000000000	0.38349193890164	0.66973900546412	50.000000000000	0.00000000000000
2.7330000000000	0.39761208426081	0.66662318157046	50.000000000000	0.00000000000000
2.7385000000000	0.41116936634964	0.66318083790277	50.000000000000	0.00000000000000
2.7440000000000	0.42418749177776	0.65945490371230	50.000000000000	0.00000000000000
2.7495000000000	0.43669024066306	0.65548313577128	50.000000000000	0.00000000000000
2.7550000000000	0.44870113004774	0.65129870532488	50.000000000000	0.00000000000000
2.7605000000000	0.46024316597795	0.64693072965557	50.000000000000	0.00000000000000
2.7660000000000	0.47133866582206	0.64240474971139	50.000000000000	0.00000000000000
2.7715000000000	0.48200913578391	0.63774315663884	50.000000000000	0.00000000000000
2.7770000000000	0.49227519142192	0.63296557085303	50.000000000000	0.00000000000000
2.7825000000000	0.50215651136393	0.62808917765503	50.000000000000	0.00000000000000
2.7880000000000	0.51167181636953	0.62312902350213	50.000000000000	0.00000000000000
2.7935000000000	0.52083886749744	0.61809827694831	50.000000000000	0.00000000000000
2.7990000000000	0.52967447843974	0.61300845806978	50.000000000000	0.00000000000000
2.8045000000000	0.53819453813864	0.60786963992288	50.000000000000	0.00000000000000
2.8100000000000	0.54641404064869	0.60269062528163	50.000000000000	0.00000000000000
2.8155000000000	0.55434711988522	0.59747910159451	50.000000000000	0.00000000000000
2.8210000000000	0.56200708743993	0.59224177679719	50.000000000000	0.00000000000000
2.8265000000000	0.56940647207352	0.58698449833060	50.000000000000	0.00000000000000
2.8320000000000	0.57655705983431	0.58171235744653	50.000000000000	0.00000000000000
2.8375000000000	0.58346993401889	0.57642978063812	50.000000000000	0.00000000000000
2.8430000000000	0.59015551440031	0.57114060981186	50.000000000000	0.00000000000000
2.8485000000000	0.59662359531261	0.56584817261919	50.000000000000	0.00000000000000
2.8540000000000	0.60288338230779	0.56055534418967	50.000000000000	0.00000000000000
2.8595000000000	0.60894352719878	0.55526460135181	50.000000000000	0.00000000000000
2.8650000000000	0.61481216137734	0.54997807029011	50.000000000000	0.00000000000000
2.8705000000000	0.62049692735248	0.54469756846616	50.000000000000	0.00000000000000
2.8760000000000	0.62600500849770	0.53942464152623	50.000000000000	0.00000000000000
2.8815000000000	0.63134315702692	0.53416059582513	50.000000000000	0.00000000000000
2.8870000000000	0.63651772024189	0.52890652711601	50.000000000000	0.00000000000000
2.8925000000000	0.64153466510953	0.52366334588503	50.000000000000	0.00000000000000
2.8980000000000	0.64639960123921	0.51843179974925	50.000000000000	0.00000000000000
2.9035000000000	0.65111780233599	0.51321249328258	50.000000000000	0.00000000000000
2.9090000000000	0.65569422621042	0.50800590558846	50.000000000000	0.00000000000000
2.9145000000000	0.66013353342649	0.50281240589774	50.000000000000	0.00000000000000
2.9200000000000	0.66444010466937	0.49763226743524	50.000000000000	0.00000000000000
2.9255000000000	0.66861805691304	0.49246567976802	50.000000000000	0.00000000000000
2.9310000000000	0.67267125846578	0.48731275982190	50.000000000000	0.00000000000000
2.9365000000000	0.67660334296826	0.48217356172983	50.000000000000	0.00000000000000
2.9420000000000	0.68041772241613	0.47704808565542	50.000000000000	0.00000000000000
2.9475000000000	0.68411759927483	0.47193628571786	50.000000000000	0.00000000000000
2.9530000000000	0.68770597775156	0.46683807712873	50.000000000000	0.00000000000000
2.9585000000000	0.69118567428478	0.46175334263841	50.000000000000	0.00000000000000
2.9640000000000	0.69455932730892	0.45668193837769	50.000000000000	0.00000000000000
2.9695000000000	0.69782940634769	0.45162369917070	50.000000000000	0.00000000000000
2.9750000000000	0.70099822048679	0.44657844338562	50.000000000000	0.00000000000000
2.9805000000000	0.70406792627307	0.44154597738261	50.000000000000	0.00000000000000
2.9860000000000	0.70704053508465	0.43652609961121	50.000000000000	0.00000000000000
2.9915000000000	0.70991792001331	0.43151860440345	50.000000000000	0.00000000000000
2.9970000000000	0.71270182229835	0.42652328550400	50.000000000000	0.00000000000000
3.0025000000000	0.71539385734819	0.42153993937372	50.000000000000	0.00000000000000
3.0080000000000	0.71799552038422	0.41656836829915	50.000000000000	0.00000000000000
3.0135000000000	0.72050819173895	0.41160838333673	50.000000000000	0.00000000000000
3.0190000000000	0.72293314183915	0.40665980711739	50.000000000000	0.00000000000000
3.0245000000000	0.72527153590233	0.40172247653448	50.000000000000	0.00000000000000
3.0300000000000	0.72752443837410	0.39679624533512	50.000000000000	0.00000000000000
3.0355000000000	0.72969281713180	0.39188098663311	50.000000000000	0.00000000000000
3.0410000000000	0.73177754747934	0.38697659535944	50.000000000000	0.00000000000000
3.0465000000000	0.73377941595624	0.38208299066431	50.000000000000	0.00000000000000
3.0520000000000	0.73569912398360	0.37720011828324	50.000000000000	0.00000000000000
3.0575000000000	0.73753729136833	0.37232795287814	50.000000000000	0.00000000000000
3.0630000000000	0.73929445968649	0.36746650036257	50.000000000000	0.00000000000000
3.0685000000000	0.74097109556572	0.36261580021941	50.000000000000	0.00000000000000
3.0740000000000	0.74256759388623	0.35777592781758	50.000000000000	0.00000000000000
3.0795000000000	0.74408428091926	0.35294699673329	50.000000000000	0.00000000000000
3.0850000000000	0.74552141742153	0.34812916108028	50.000000000000	0.00000000000000
3.0905000000000	0.74687920170357	0.34332261785189	50.000000000000	0.00000000000000
3.0960000000000	0.74815777268987	0.33852760927722	50.000000000000	0.00000000000000
3.1015000000000	0.74935721298804	0.33374442519188	50.000000000000	0.00000000000000
3.1070000000000	0.75047755198400	0.32897340542316	50.000000000000	0.00000000000000
3.1125000000000	0.75151876898039	0.32421494218783	50.000000000000	0.00000000000000
3.1180000000000	0.75248079639420	0.31946948249987	50.000000000000	0.00000000000000
3.1235000000000	0.75336352303040	0.31473753058392	50.000000000000	0.00000000000000
3.1290000000000	0.75416679744714	0.31001965028916	50.000000000000	0.00000000000000
3.1345000000000	0.75489043142851	0.30531646749671	50.000000000000	0.00000000000000
3.1400000000000	0.75553420357979	0.30062867251251	50.000000000000	0.00000000000000
3.1455000000000	0.75609786306042	0.29595702243597	50.000000000000	0.00000000000000
3.1510000000000	0.75658113346874	0.29130234349330	50.000000000000	0.00000000000000
3.1565000000000	0.75698371689235	0.28666553332270	50.000000000000	0.00000000000000
3.1620000000000	0.75730529813731	0.28204756319724	50.000000000000	0.00000000000000
3.1675000000000	0.75754554914816	0.27744948016932	50.000000000000	0.00000000000000
3.1730000000000	0.75770413363028	0.27287240911904	50.000000000000	0.00000000000000
3.1785000000000	0.75778071188464	0.26831755468714	50.000000000000	0.00000000000000
3.1840000000000	0.75777494586387	0.26378620307114	50.000000000000	0.00000000000000
3.1895000000000	0.75768650445708	0.25927972366200	50.000000000000	0.00000000000000
3.1950000000000	0.75751506900909	0.25479957049640	50.000000000000	0.00000000000000
3.2005000000000	0.75726033907799	0.25034728349843	50.000000000000	0.00000000000000
3.2060000000000	0.75692203843261	0.24592448948248	50.000000000000	0.00000000000000
3.2115000000000	0.75649992128919	0.24153290288790	50.000000000000	0.00000000000000
3.2170000000000	0.75599377878392	0.23717432621421	50.000000000000	0.00000000000000
3.2225000000000	0.75540344567490	0.23285065012463	50.000000000000	0.00000000000000
3.2280000000000	0.75472880726416	0.22856385318430	50.000000000000	0.00000000000000
3.2335000000000	0.75396980652661	0.22431600119889	50.000000000000	0.00000000000000
3.2390000000000	0.75312645142914	0.22010924611863	50.000000000000	0.00000000000000
3.2445000000000	0.75219882241923	0.21594582447226	50.000000000000	0.00000000000000
3.2500000000000	0.75118708005790	0.21182805529588	50.000000000000	0.00000000000000
3.2555000000000	0.75009147276749	0.20775833752162	50.000000000000	0.00000000000000
3.2610000000000	0.74891234466020	0.20373914679257	50.000000000000	0.00000000000000
3.2665000000000	0.74765014340816	0.19977303167128	50.000000000000	0.00000000000000
3.2720000000000	0.74630542811120	0.19586260921158	50.000000000000	0.00000000000000
3.2775000000000	0.74487887711335	0.19201055986587	50.000000000000	0.00000000000000
3.2830000000000	0.74337129571413	0.18821962170345	50.000000000000	0.00000000000000
3.2885000000000	0.74178362371570	0.18449258391918	50.000000000000	0.00000000000000
3.2940000000000	0.74011694274262	0.18083227961677	50.000000000000	0.00000000000000
3.2995000000000	0.73837248326606	0.17724157785605	50.000000000000	0.00000000000000
3.3050000000000	0.73655163126057	0.17372337496005	50.000000000000	0.00000000000000
3.3105000000000	0.73465593441786	0.17028058508437	50.000000000000	0.00000000000000
3.3160000000000	0.73268710783911	0.16691613005892	50.000000000000	0.00000000000000
3.3215000000000	0.73064703912486	0.16363292852067	50.000000000000	0.00000000000000
3.3270000000000	0.72853779278063	0.16043388436448	50.000000000000	0.00000000000000
3.3325000000000	0.72636161385535	0.15732187454895	50.000000000000	0.00000000000000
3.3380000000000	0.72412093073076	0.15429973630383	50.000000000000	0.00000000000000
3.3435000000000	0.72181835698155	0.15137025379586	50.000000000000	0.00000000000000
3.3490000000000	0.71945669222905	0.14853614432024	50.000000000000	0.00000000000000
3.3545000000000	0.71703892191590	0.14580004409546	50.000000000000	0.00000000000000
3.3600000000000	0.71456821593464	0.14316449374936	50.000000000000	0.00000000000000
3.3655000000000	0.71204792605067	0.14063192359432	50.000000000000	0.00000000000000
3.3710000000000	0.70948158206880	0.13820463879887	50.000000000000	0.00000000000000
3.3765000000000	0.70687288670242	0.13588480457152	50.000000000000	0.00000000000000
3.3820000000000	0.70422570911621	0.13367443148047	50.000000000000	0.00000000000000
3.3875000000000	0.70154407712599	0.13157536103907	50.000000000000	0.00000000000000
3.3930000000000	0.69883216805310	0.12958925169194	50.000000000000	0.00000000000000
3.3985000000000	0.69609429824584	0.12771756534032	50.000000000000	0.00000000000000
3.4040000000000	0.69333491129630	0.12596155454638	50.000000000000	0.00000000000000
3.4095000000000	0.69055856499676	0.12432225055628	50.000000000000	0.00000000000000
3.4150000000000	0.68776991709709	0.12280045227900	50.000000000000	0.00000000000000
3.4205000000000	0.68497370994044	0.12139671635354	50.000000000000	0.00000000000000
3.4260000000000	0.68217475407141	0.12011134843027	50.000000000000	0.00000000000000
3.4315000000000	0.67937791092599	0.11894439578303	50.000000000000	0.00000000000000
3.4370000000000	0.67658807472777	0.11789564135773	50.000000000000	0.00000000000000
3.4425000000000	0.67381015372781	0.11696459934961	50.000000000000	0.00000000000000
3.4480000000000	0.67104905093787	0.11615051238669	50.000000000000	0.00000000000000
3.4535000000000	0.66830964451631	0.11545235037995	50.000000000000	0.00000000000000
3.4590000000000	0.66559676797409	0.11486881108264	50.000000000000	0.00000000000000
3.4645000000000	0.66291519037362	0.11439832238221	50.000000000000	0.00000000000000
3.4700000000000	0.66026959669644	0.11403904632798	50.000000000000	0.00000000000000
3.4755000000000	0.65766456855591	0.11378888487759	50.000000000000	0.00000000000000
3.4810000000000	0.65510456542917	0.11364548732469	50.000000000000	0.00000000000000
3.4865000000000	0.65259390657731	0.11360625935038	50.000000000000	0.00000000000000
3.4920000000000	0.65013675381578	0.11366837362153	50.000000000000	0.00000000000000
3.4975000000000	0.64773709528659	0.11382878184103	50.000000000000	0.00000000000000
3.5030000000000	0.64539873037197	0.11408422813811	50.000000000000	0.00000000000000
3.5085000000000	0.64312525587503	0.11443126367203	50.000000000000	0.00000000000000
3.5140000000000	0.64092005357647	0.11486626230950	50.000000000000	0.00000000000000
3.5195000000000	0.63878627925963	0.11538543722534	50.000000000000	0.00000000000000
3.5250000000000	0.63672685327715	0.11598485826783	50.000000000000	0.00000000000000
3.5305000000000	0.63474445271351	0.11666046992419	50.000000000000	0.00000000000000
3.5360000000000	0.63284150517811	0.11740810971862	50.000000000000	0.00000000000000
3.5415000000000	0.63102018424398	0.11822352687456	50.000000000000	0.00000000000000
3.5470000000000	0.62928240652796	0.11910240107468	50.000000000000	0.00000000000000
3.5525000000000	0.62762983038990	0.12004036115637	50.000000000000	0.00000000000000
3.5580000000000	0.62606385621069	0.12103300358678	50.000000000000	0.00000000000000
3.5635000000000	0.62458562819312	0.12207591056982	50.000000000000	0.00000000000000
3.5690000000000	0.62319603761453	0.12316466764779	50.000000000000	0.00000000000000
3.5745000000000	0.62189572744757	0.12429488067160	50.000000000000	0.00000000000000
3.5800000000000	0.62068509825416	0.12546219202664	50.000000000000	0.00000000000000
3.5855000000000	0.61956431524848	0.12666229601472	50.000000000000	0.00000000000000
3.5910000000000	0.61853331641762	0.12789095330693	50.000000000000	0.00000000000000
3.5965000000000	0.61759182158347	0.12914400439684	50.000000000000	0.00000000000000
3.6020000000000	0.61673934228559	0.13041738199806	50.000000000000	0.00000000000000
3.6075000000000	0.61597519236393	0.13170712234464	50.000000000000	0.00000000000000
3.6130000000000	0.61529849911993	0.13300937536676	50.000000000000	0.00000000000000
3.6185000000000	0.61470821493669	0.13432041372765	50.000000000000	0.00000000000000
3.6240000000000	0.61420312924208	0.13563664072017	50.000000000000	0.00000000000000
3.6295000000000	0.61378188070309	0.13695459703315	50.000000000000	0.00000000000000
3.6350000000000	0.61344296954545	0.13827096640818	50.000000000000	0.00000000000000
3.6405000000000	0.61318476989895	0.13958258021722	50.000000000000	0.00000000000000
3.6460000000000	0.61300554207627	0.14088642099932	50.000000000000	0.00000000000000
3.6515000000000	0.61290344470066	0.14217962500233	50.000000000000	0.00000000000000
3.6570000000000	0.61287654660611	0.14345948378104	50.000000000000	0.00000000000000
3.6625000000000	0.61292283844194	0.14472344490825	50.000000000000	0.00000000000000
3.6680000000000	0.61304024392215	0.14596911185875	50.000000000000	0.00000000000000
3.6735000000000	0.61322663066807	0.14719424312887	50.000000000000	0.00000000000000
3.6790000000000	0.61347982060108	0.14839675065591	50.000000000000	0.00000000000000
3.6845000000000	0.61379759985014	0.14957469760238	50.000000000000	0.00000000000000
3.6900000000000	0.61417772814604	0.15072629556998	50.000000000000	0.00000000000000
3.6955000000000	0.61461794768161	0.15184990130740	50.000000000000	0.00000000000000
3.7010000000000	0.61511599142349	0.15294401297439	50.000000000000	0.00000000000000
3.7065000000000	0.61566959086742	0.15400726602293	50.000000000000	0.00000000000000
3.7120000000000	0.61627648323398	0.15503842875338	50.000000000000	0.00000000000000
3.7175000000000	0.61693441810721	0.15603639760107	50.000000000000	0.00000000000000
3.7230000000000	0.61764116352268	0.15700019220557	50.000000000000	0.00000000000000
3.7285000000000	0.61839451151529	0.15792895031129	50.000000000000	0.00000000000000
3.7340000000000	0.61919228314073	0.15882192254512	50.000000000000	0.00000000000000
3.7395000000000	0.62003233298711	0.15967846711274	50.000000000000	0.00000000000000
3.7450000000000	0.62091255319562	0.16049804445210	50.000000000000	0.00000000000000
3.7505000000000	0.62183087701102	0.16128021187868	50.000000000000	0.00000000000000
3.7560000000000	0.62278528188432	0.16202461825384	50.000000000000	0.00000000000000
3.7615000000000	0.62377379215066	0.16273099870416	50.000000000000	0.00000000000000
3.7670000000000	0.62479448130690	0.16339916941641	50.000000000000	0.00000000000000
3.7725000000000	0.62584547391295	0.16402902252956	50.000000000000	0.00000000000000
3.7780000000000	0.62692494714174	0.16462052114247	50.000000000000	0.00000000000000
3.7835000000000	0.62803113200233	0.16517369445285	50.000000000000	0.00000000000000
3.7890000000000	0.62916231426018	0.16568863304099	50.000000000000	0.00000000000000
3.7945000000000	0.63031683507866	0.16616548430859	50.000000000000	0.00000000000000
3.8000000000000	0.63149309140451	0.16660444808168	50.000000000000	0.00000000000000
3.8055000000000	0.63268953611996	0.16700577238381	50.000000000000	0.00000000000000
3.8110000000000	0.63390467798268	0.16736974938452	50.000000000000	0.00000000000000
3.8165000000000	0.63513708137433	0.16769671152586	50.000000000000	0.00000000000000
3.8220000000000	0.63638536587720	0.16798702782876	50.000000000000	0.00000000000000
3.8275000000000	0.63764820569734	0.16824110037938	50.000000000000	0.00000000000000
3.8330000000000	0.63892432895191	0.16845936099457	50.000000000000	0.00000000000000
3.8385000000000	0.64021251683688	0.16864226806456	50.000000000000	0.00000000000000
3.8440000000000	0.64151160269062	0.16879030357005	50.000000000000	0.00000000000000
3.8495000000000	0.64282047096753	0.16890397027025	50.000000000000	0.00000000000000
3.8550000000000	0.64413805613508	0.16898378905762	50.000000000000	0.00000000000000
3.8605000000000	0.64546334150640	0.16903029647476	50.000000000000	0.00000000000000
3.8660000000000	0.64679535801977	0.16904404238822	50.000000000000	0.00000000000000
3.8715000000000	0.64813318297534	0.16902558781396	50.000000000000	0.00000000000000
3.8770000000000	0.64947593873847	0.16897550288860	50.000000000000	0.00000000000000
3.8825000000000	0.65082279141838	0.16889436498084	50.000000000000	0.00000000000000
3.8880000000000	0.65217294952975	0.16878275693672	50.000000000000	0.00000000000000
3.8935000000000	0.65352566264443	0.16864126545307	50.000000000000	0.00000000000000
3.8990000000000	0.65488022003949	0.16847047957275	50.000000000000	0.00000000000000
3.9045000000000	0.65623594934728	0.16827098929584	50.000000000000	0.00000000000000
3.9100000000000	0.65759221521237	0.16804338430074	50.000000000000	0.00000000000000
3.9155000000000	0.65894841796003	0.16778825276923	50.000000000000	0.00000000000000
3.9210000000000	0.66030399227989	0.16750618030988	50.000000000000	0.00000000000000
3.9265000000000	0.66165840592834	0.16719774897402	50.000000000000	0.00000000000000
3.9320000000000	0.66301115845240	0.16686353635888	50.000000000000	0.00000000000000
3.9375000000000	0.66436177993780	0.16650411479268	50.000000000000	0.00000000000000
3.9430000000000	0.66570982978318	0.16612005059632	50.000000000000	0.00000000000000
3.9485000000000	0.66705489550217	0.16571190341703	50.000000000000	0.00000000000000
3.9540000000000	0.66839659155502	0.16528022562906	50.000000000000	0.00000000000000
3.9595000000000	0.66973455821058	0.16482556179697	50.000000000000	0.00000000000000
3.9650000000000	0.67106846043982	0.16434844819713	50.000000000000	0.00000000000000
3.9705000000000	0.67239798684134	0.16384941239336	50.000000000000	0.00000000000000
3.9760000000000	0.67372284859944	0.16332897286280	50.000000000000	0.00000000000000
3.9815000000000	0.67504277847481	0.16278763866813	50.000000000000	0.00000000000000
3.9870000000000	0.67635752982824	0.16222590917287	50.000000000000	0.00000000000000
3.9925000000000	0.67766687567683	0.16164427379610	50.000000000000	0.00000000000000
3.9980000000000	0.67897060778296	0.16104321180369	50.000000000000	0.00000000000000
4.0035000000000	0.68026853577535	0.16042319213292	50.000000000000	0.00000000000000
4.0090000000000	0.68156048630196	0.15978467324767	50.000000000000	0.00000000000000
4.0145000000000	0.68284630221419	0.15912810302161	50.000000000000	0.00000000000000
4.0200000000000	0.68412584178174	0.15845391864680	50.000000000000	0.00000000000000
4.0255000000000	0.68539897793760	0.15776254656545	50.000000000000	0.00000000000000
4.0310000000000	0.68666559755229	0.15705440242254	50.000000000000	0.00000000000000
4.0365000000000	0.68792560073684	0.15632989103730	50.000000000000	0.00000000000000
4.0420000000000	0.68917890017342	0.15558940639173	50.000000000000	0.00000000000000
4.0475000000000	0.69042542047309	0.15483333163404	50.000000000000	0.00000000000000
4.0530000000000	0.69166509755967	0.15406203909573	50.000000000000	0.00000000000000
4.0585000000000	0.69289787807888	0.15327589032039	50.000000000000	0.00000000000000
4.0640000000000	0.69412371883192	0.15247523610300	50.000000000000	0.00000000000000
4.0695000000000	0.69534258623264	0.15166041653816	50.000000000000	0.00000000000000
4.0750000000000	0.69655445578722	0.15083176107614	50.000000000000	0.00000000000000
4.0805000000000	0.69775931159578	0.14998958858551	50.000000000000	0.00000000000000
4.0860000000000	0.69895714587472	0.14913420742113	50.000000000000	0.00000000000000
4.0915000000000	0.70014795849916	0.14826591549668	50.000000000000	0.00000000000000
4.0970000000000	0.70133175656434	0.14738500036059	50.000000000000	0.00000000000000
4.1025000000000	0.70250855396540	0.14649173927460	50.000000000000	0.00000000000000
4.1080000000000	0.70367837099442	0.14558639929405	50.000000000000	0.00000000000000
4.1135000000000	0.70484123395388	0.14466923734923	50.000000000000	0.00000000000000
4.1190000000000	0.70599717478600	0.14374050032691	50.000000000000	0.00000000000000
4.1245000000000	0.70714623071666	0.14280042515162	50.000000000000	0.00000000000000
4.1300000000000	0.70828844391329	0.14184923886585	50.000000000000	0.00000000000000
4.1355000000000	0.70942386115611	0.14088715870878	50.000000000000	0.00000000000000
4.1410000000000	0.71055253352143	0.13991439219285	50.000000000000	0.00000000000000
4.1465000000000	0.71167451607671	0.13893113717789	50.000000000000	0.00000000000000
4.1520000000000	0.71278986758614	0.13793758194212	50.000000000000	0.00000000000000
4.1575000000000	0.71389865022626	0.13693390524978	50.000000000000	0.00000000000000
4.1630000000000	0.71500092931078	0.13592027641500	50.000000000000	0.00000000000000
4.1685000000000	0.71609677302361	0.13489685536142	50.000000000000	0.00000000000000
4.1740000000000	0.71718625215959	0.13386379267732	50.000000000000	0.00000000000000
4.1795000000000	0.71826943987203	0.13282122966606	50.000000000000	0.00000000000000
4.1850000000000	0.71934641142622	0.13176929839132	50.000000000000	0.00000000000000
4.1905000000000	0.72041724395827	0.13070812171709	50.000000000000	0.00000000000000
4.1960000000000	0.72148201623844	0.12963781334208	50.000000000000	0.00000000000000
4.2015000000000	0.72254080843815	0.12855847782840	50.000000000000	0.00000000000000
4.2070000000000	0.72359370189990	0.12747021062419	50.000000000000	0.00000000000000
4.2125000000000	0.72464077890938	0.12637309808026	50.000000000000	0.00000000000000
4.2180000000000	0.72568212246884	0.12526721746030	50.000000000000	0.00000000000000
4.2235000000000	0.72671781607103	0.12415263694490	50.000000000000	0.00000000000000
4.2290000000000	0.72774794347275	0.12302941562883	50.000000000000	0.00000000000000
4.2345000000000	0.72877258846729	0.12189760351194	50.000000000000	0.00000000000000
4.2400000000000	0.72979183465480	0.12075724148330	50.000000000000	0.00000000000000
4.2455000000000	0.73080576520976	0.11960836129866	50.000000000000	0.00000000000000
4.2510000000000	0.73181446264461	0.11845098555126	50.000000000000	0.00000000000000
4.2565000000000	0.73281800856863	0.11728512763593	50.000000000000	0.00000000000000
4.2620000000000	0.73381648344096	0.11611079170654	50.000000000000	0.00000000000000
4.2675000000000	0.73480996631711	0.11492797262694	50.000000000000	0.00000000000000
4.2730000000000	0.73579853458742	0.11373665591533	50.000000000000	0.00000000000000
4.2785000000000	0.73678226370698	0.11253681768251	50.000000000000	0.00000000000000
4.2840000000000	0.73776122691523	0.11132842456380	50.000000000000	0.00000000000000
4.2895000000000	0.73873549494477	0.11011143364532	50.000000000000	0.00000000000000
4.2950000000000	0.73970513571769	0.10888579238443	50.000000000000	0.00000000000000
4.3005000000000	0.74067021402825	0.10765143852517	50.000000000000	0.00000000000000
4.3060000000000	0.74163079121094	0.10640830000865	50.000000000000	0.00000000000000
4.3115000000000	0.74258692479198	0.10515629487920	50.000000000000	0.00000000000000
4.3170000000000	0.74353866812344	0.10389533118672	50.000000000000	0.00000000000000
4.3225000000000	0.74448606999802	0.10262530688581	50.000000000000	0.00000000000000
4.3280000000000	0.74542917424335	0.10134610973243	50.000000000000	0.00000000000000
4.3335000000000	0.74636801929386	0.10005761717912	50.000000000000	0.00000000000000
4.3390000000000	0.74730263773879	0.098759696269424	50.000000000000	0.00000000000000
4.3445000000000	0.74823305584463	0.097452203532808	50.000000000000	0.00000000000000
4.3500000000000	0.74915929304988	0.096134984881323	50.000000000000	0.00000000000000
4.3555000000000	0.75008136143074	0.094807875509247	50.000000000000	0.00000000000000
4.3610000000000	0.75099926513540	0.093470699797323	50.000000000000	0.00000000000000
4.3665000000000	0.75191299978521	0.092123271223507	50.000000000000	0.00000000000000
4.3720000000000	0.75282255184057	0.090765392281860	50.000000000000	0.00000000000000
4.3775000000000	0.75372789792944	0.089396854412015	50.000000000000	0.00000000000000
4.3830000000000	0.75462900413642	0.088017437941713	50.000000000000	0.00000000000000
4.3885000000000	0.75552582525023	0.086626912044792	50.000000000000	0.00000000000000
4.3940000000000	0.75641830396727	0.085225034717966	50.000000000000	0.00000000000000
4.3995000000000	0.75730637004923	0.083811552779711	50.000000000000	0.00000000000000
4.4050000000000	0.75818993943240	0.082386201894688	50.000000000000	0.00000000000000
4.4105000000000	0.75906891328676	0.080948706628196	50.000000000000	0.00000000000000
4.4160000000000	0.75994317702235	0.079498780534701	50.000000000000	0.00000000000000
4.4215000000000	0.76081259924133	0.078036126285940	50.000000000000	0.00000000000000
4.4270000000000	0.76167703063359	0.076560435843560	50.000000000000	0.00000000000000
4.4325000000000	0.76253630281399	0.075071390682446	50.000000000000	0.00000000000000
4.4380000000000	0.76339022710018	0.073568662071503	50.000000000000	0.00000000000000
4.4435000000000	0.76423859322924	0.072051911418632	50.000000000000	0.00000000000000
4.4490000000000	0.76508116801233	0.070520790687842	50.000000000000	0.00000000000000
4.4545000000000	0.76591769392685	0.068974942897097	50.000000000000	0.00000000000000
4.4600000000000	0.76674788764592	0.067414002705687	50.000000000000	0.00000000000000
4.4655000000000	0.76757143850571	0.065837597101280	50.000000000000	0.00000000000000
4.4710000000000	0.76838800691154	0.064245346197151	50.000000000000	0.00000000000000
4.4765000000000	0.76919722268499	0.062636864150997	50.000000000000	0.00000000000000
4.4820000000000	0.76999868335447	0.061011760217610	50.000000000000	0.00000000000000
4.4875000000000	0.77079195239346	0.059369639948294	50.000000000000	0.00000000000000
4.4930000000000	0.77157655741112	0.057710106550941	50.000000000000	0.00000000000000
4.4985000000000	0.77235198830213	0.056032762425228	50.000000000000	0.00000000000000
4.5040000000000	0.77311769536349	0.054337210888193	50.000000000000	0.00000000000000
4.5095000000000	0.77387308738824	0.052623058106328	50.000000000000	0.00000000000000
4.5150000000000	0.77461752974793	0.050889915250368	50.000000000000	0.00000000000000
4.5205000000000	0.77535034247771	0.049137400890098	50.000000000000	0.00000000000000
4.5260000000000	0.77607079838091	0.047365143646335	50.000000000000	0.00000000000000
4.5315000000000	0.77677812117198	0.045572785117321	50.000000000000	0.00000000000000
4.5370000000000	0.77747148368053	0.043759983097078	50.000000000000	0.00000000000000
4.5425000000000	0.77815000614141	0.041926415102459	50.000000000000	0.00000000000000
4.5480000000000	0.77881275460075	0.040071782224833	50.000000000000	0.00000000000000
4.5535000000000	0.77945873946999	0.038195813321608	50.000000000000	0.00000000000000
4.5590000000000	0.78008691426554	0.036298269560581	50.000000000000	0.00000000000000
4.5645000000000	0.78069617457474	0.034378949328244	50.000000000000	0.00000000000000
4.5700000000000	0.78128535729398	0.032437693510127	50.000000000000	0.00000000000000
4.5755000000000	0.78185324018893	0.030474391147710	50.000000000000	0.00000000000000
4.5810000000000	0.78239854183138	0.028488985472083	50.000000000000	0.00000000000000
4.5865000000000	0.78291992197208	0.026481480309097	50.000000000000	0.00000000000000
4.5920000000000	0.78341598241240	0.024451946844402	50.000000000000	0.00000000000000
4.5975000000000	0.78388526844261	0.022400530729603	50.000000000000	0.00000000000000
4.6030000000000	0.78432627091703	0.020327459502255	50.000000000000	0.00000000000000
4.6085000000000	0.78473742903986	0.018233050282400	50.000000000000	0.00000000000000
4.6140000000000	0.78511713393655	0.016117717697957	50.000000000000	0.00000000000000
4.6195000000000	0.78546373308692	0.013981981979013	50.000000000000	0.00000000000000
4.6250000000000	0.78577553569477	0.011826477148117	50.000000000000	0.00000000000000
4.6305000000000	0.78605081906653	0.0096519592189123	50.000000000000	0.00000000000000
4.6360000000000	0.78628783606663	0.0074593143014658	50.000000000000	0.00000000000000
4.6415000000000	0.78648482371007	0.0052495664958135	50.000000000000	0.00000000000000
4.6470000000000	0.78664001294321	0.0030238854400366	50.000000000000	0.00000000000000
4.6525000000000	0.78675163965065	0.00078359336299301	50.000000000000	0.00000000000000
4.6580000000000	0.78681795691000	-0.0014698285236846	50.000000000000	0.00000000000000
4.6635000000000	0.78683724849691	-0.0037347344739841	50.000000000000	0.00000000000000
4.6690000000000	0.78680784361950	-0.0060093096882426	50.000000000000	0.00000000000000
4.6745000000000	0.78672813283443	-0.0082915670285733	50.000000000000	0.00000000000000
4.6800000000000	0.78659658506684	-0.010579345177912	50.000000000000	0.00000000000000
4.6855000000000	0.78641176562275	-0.012870308453982	50.000000000000	0.00000000000000
4.6910000000000	0.78617235504647	-0.015161948487387	50.000000000000	0.00000000000000
4.6965000000000	0.78587716863761	-0.017451587964345	50.000000000000	0.00000000000000
4.7020000000000	0.78552517640259	-0.019736386619741	50.000000000000	0.00000000000000
4.7075000000000	0.78511552317679	-0.022013349643828	50.000000000000	0.00000000000000
4.7130000000000	0.78464754861531	-0.024279338635686	50.000000000000	0.00000000000000
4.7185000000000	0.78412080671544	-0.026531085198457	50.000000000000	0.00000000000000
4.7240000000000	0.78353508450345	-0.028765207225191	50.000000000000	0.00000000000000
4.7295000000000	0.78289041949445	-0.030978227870421	50.000000000000	0.00000000000000
4.7350000000000	0.78218711551792	-0.033166597142212	50.000000000000	0.00000000000000
4.7405000000000	0.78142575649572	-0.035326715983410	50.000000000000	0.00000000000000
4.7460000000000	0.78060721776454	-0.037454962641192	50.000000000000	0.00000000000000
4.7515000000000	0.77973267455287	-0.039547721052555	50.000000000000	0.00000000000000
4.7570000000000	0.77880360725399	-0.041601410902724	50.000000000000	0.00000000000000
4.7625000000000	0.77782180318150	-0.043612518946128	50.000000000000	0.00000000000000
4.7680000000000	0.77678935455303	-0.045577631119089	50.000000000000	0.00000000000000
4.7735000000000	0.77570865251842	-0.047493464921388	50.000000000000	0.00000000000000
4.7790000000000	0.77458237713153	-0.049356901504682	50.000000000000	0.00000000000000
4.7845000000000	0.77341348325513	-0.051165016880907	50.000000000000	0.00000000000000
4.7900000000000	0.77220518248526	-0.052915111655035	50.000000000000	0.00000000000000
4.7955000000000	0.77096092128065	-0.054604738696290	50.000000000000	0.00000000000000
4.8010000000000	0.76968435558015	-0.056231728189995	50.000000000000	0.00000000000000
4.8065000000000	0.76837932228450	-0.057794209558242	50.000000000000	0.00000000000000
4.8120000000000	0.76704980806226	-0.059290629800981	50.000000000000	0.00000000000000
4.8175000000000	0.76569991601117	-0.060719767888257	50.000000000000	0.00000000000000
4.8230000000000	0.76433383076302	-0.062080744924679	50.000000000000	0.00000000000000
4.8285000000000	0.76295578265804	-0.063373029908169	50.000000000000	0.00000000000000
4.8340000000000	0.76157001163441	-0.064596441009975	50.000000000000	0.00000000000000
4.8395000000000	0.76018073147813	-0.065751142410723	50.000000000000	0.00000000000000
4.8450000000000	0.75879209505822	-0.066837636830346	50.000000000000	0.00000000000000
4.8505000000000	0.75740816113432	-0.067856753987801	50.000000000000	0.00000000000000
4.8560000000000	0.75603286326824	-0.068809635314192	50.000000000000	0.00000000000000
4.8615000000000	0.75466998130348	-0.069697715316153	50.000000000000	0.00000000000000
4.8670000000000	0.75332311579724	-0.070522700047417	50.000000000000	0.00000000000000
4.8725000000000	0.75199566570335	-0.071286543187759	50.000000000000	0.00000000000000
4.8780000000000	0.75069080951554	-0.071991420255828	50.000000000000	0.00000000000000
4.8835000000000	0.74941148998960	-0.072639701490794	50.000000000000	0.00000000000000
4.8890000000000	0.74816040247753	-0.073233923931441	50.000000000000	0.00000000000000
4.8945000000000	0.74693998682532	-0.073776763200729	50.000000000000	0.00000000000000
4.9000000000000	0.74575242271312	-0.074271005470511	50.000000000000	0.00000000000000
4.9055000000000	0.74459962825402	-0.074719520038072	50.000000000000	0.00000000000000
4.9110000000000	0.74348326161581	-0.075125232895780	50.000000000000	0.00000000000000
4.9165000000000	0.74240472538888	-0.075491101619557	50.000000000000	0.00000000000000
4.9220000000000	0.74136517339500	-0.075820091843344	50.000000000000	0.00000000000000
4.9275000000000	0.74036551961350	-0.076115155528579	50.000000000000	0.00000000000000
4.9330000000000	0.73940644889362	-0.076379211179984	50.000000000000	0.00000000000000
4.9385000000000	0.73848842912316	-0.076615126105292	50.000000000000	0.00000000000000
4.9440000000000	0.73761172453313	-0.076825700766150	50.000000000000	0.00000000000000
4.9495000000000	0.73677640983379	-0.077013655223361	50.000000000000	0.00000000000000
4.9550000000000	0.73598238489815	-0.077181617640001	50.000000000000	0.00000000000000
4.9605000000000	0.73522938973433	-0.077332114773980	50.000000000000	0.00000000000000
4.9660000000000	0.73451701951542	-0.077467564364399	50.000000000000	0.00000000000000
4.9715000000000	0.73384473946297	-0.077590269295038	50.000000000000	0.00000000000000
4.9770000000000	0.73321189941112	-0.077702413403815	50.000000000000	0.00000000000000
4.9825000000000	0.73261774790483	-0.077806058796107	50.000000000000	0.00000000000000
4.9880000000000	0.73206144571459	-0.077903144514689	50.000000000000	0.00000000000000
4.9935000000000	0.73154207867455	-0.077995486416918	50.000000000000	0.00000000000000
4.9990000000000	0.73105866977517	-0.078084778111820	50.000000000000	0.00000000000000
5.0045000000000	0.73061019046268	-0.078172592813410	50.000000000000	0.00000000000000
5.0100000000000	0.73019557111612	-0.078260385973782	50.000000000000	0.00000000000000
5.0155000000000	0.72981371068985	-0.078349498566542	50.000000000000	0.00000000000000
5.0210000000000	0.72946348552297	-0.078441160901367	50.000000000000	0.00000000000000
5.0265000000000	0.72914375732861	-0.078536496859432	50.000000000000	0.00000000000000
5.0320000000000	0.72885338038651	-0.078636528450278	50.000000000000	0.00000000000000
5.0375000000000	0.72859120796868	-0.078742180600852	50.000000000000	0.00000000000000
5.0430000000000	0.72835609803483	-0.078854286097454	50.000000000000	0.00000000000000
5.0485000000000	0.72814691823788	-0.078973590611606	50.000000000000	0.00000000000000
5.0540000000000	0.72796255028276	-0.079100757749474	50.000000000000	0.00000000000000
5.0595000000000	0.72780189368359	-0.079236374073967	50.000000000000	0.00000000000000
5.0650000000000	0.72766386896489	-0.079380954056343	50.000000000000	0.00000000000000
5.0705000000000	0.72754742035213	-0.079534944921341	50.000000000000	0.00000000000000
5.0760000000000	0.72745151799655	-0.079698731357263	50.000000000000	0.00000000000000
5.0815000000000	0.72737515977717	-0.079872640067546	50.000000000000	0.00000000000000
5.0870000000000	0.72731737272184	-0.080056944146442	50.000000000000	0.00000000000000
5.0925000000000	0.72727721408665	-0.080251867265547	50.000000000000	0.00000000000000
5.0980000000000	0.72725377213079	-0.080457587662447	50.000000000000	0.00000000000000
5.1035000000000	0.72724616662184	-0.080674241925657	50.000000000000	0.00000000000000
5.1090000000000	0.72725354910372	-0.080901928573812	50.000000000000	0.00000000000000
5.1145000000000	0.72727510295711	-0.081140711428662	50.000000000000	0.00000000000000
5.1200000000000	0.72731004327988	-0.081390622784267	50.000000000000	0.00000000000000
5.1255000000000	0.72735761661240	-0.081651666376073	50.000000000000	0.00000000000000
5.1310000000000	0.72741710053067	-0.081923820155004	50.000000000000	0.00000000000000
5.1365000000000	0.72748780312765	-0.082207038872872	50.000000000000	0.00000000000000
5.1420000000000	0.72756906240140	-0.082501256486059	50.000000000000	0.00000000000000
5.1475000000000	0.72766024556663	-0.082806388385224	50.000000000000	0.00000000000000
5.1530000000000	0.72776074830426	-0.083122333459019	50.000000000000	0.00000000000000
5.1585000000000	0.72786999396240	-0.083448976000139	50.000000000000	0.00000000000000
5.1640000000000	0.72798743271997	-0.083786187462182	50.000000000000	0.00000000000000
5.1695000000000	0.72811254072338	-0.084133828075674	50.000000000000	0.00000000000000
5.1750000000000	0.72824481920512	-0.084491748331675	50.000000000000	0.00000000000000
5.1805000000000	0.72838379359182	-0.084859790341127	50.000000000000	0.00000000000000
5.1860000000000	0.72852901260871	-0.085237789077931	50.000000000000	0.00000000000000
5.1915000000000	0.72868004738593	-0.085625573513465	50.000000000000	0.00000000000000
5.1970000000000	0.72883649057186	-0.086022967649986	50.000000000000	0.00000000000000
5.2025000000000	0.72899795545728	-0.086429791459990	50.000000000000	0.00000000000000
5.2080000000000	0.72916407511404	-0.086845861738337	50.000000000000	0.00000000000000
5.2135000000000	0.72933450155100	-0.087270992873544	50.000000000000	0.00000000000000
5.2190000000000	0.72950890488951	-0.087704997544352	50.000000000000	0.00000000000000
5.2245000000000	0.72968697256037	-0.088147687347278	50.000000000000	0.00000000000000
5.2300000000000	0.72986840852363	-0.088598873360577	50.000000000000	0.00000000000000
5.2355000000000	0.73005293251235	-0.089058366649651	50.000000000000	0.00000000000000
5.2410000000000	0.73024027930111	-0.089525978718647	50.000000000000	0.00000000000000
5.2465000000000	0.73043019799977	-0.090001521912682	50.000000000000	0.00000000000000
5.2520000000000	0.73062245137269	-0.090484809774788	50.000000000000	0.00000000000000
5.2575000000000	0.73081681518361	-0.090975657361463	50.000000000000	0.00000000000000
5.2630000000000	0.73101307756601	-0.091473881520301	50.000000000000	0.00000000000000
5.2685000000000	0.73121103841873	-0.091979301133131	50.000000000000	0.00000000000000
5.2740000000000	0.73141050882659	-0.092491737327564	50.000000000000	0.00000000000000
5.2795000000000	0.73161131050538	-0.093011013659937	50.000000000000	0.00000000000000
5.2850000000000	0.73181327527098	-0.093536956272152	50.000000000000	0.00000000000000
5.2905000000000	0.73201624453163	-0.094069394024857	50.000000000000	0.00000000000000
5.2960000000000	0.73222006880321	-0.094608158609187	50.000000000000	0.00000000000000
5.3015000000000	0.73242460724632	-0.095153084639084	50.000000000000	0.00000000000000
5.3070000000000	0.73262972722488	-0.095704009726138	50.000000000000	0.00000000000000
5.3125000000000	0.73283530388531	-0.096260774538541	50.000000000000	0.00000000000000
5.3180000000000	0.73304121975558	-0.096823222845898	50.000000000000	0.00000000000000
5.3235000000000	0.73324736436344	-0.097391201551199	50.000000000000	0.00000000000000
5.3290000000000	0.73345363387307	-0.097964560711359	50.000000000000	0.00000000000000
5.3345000000000	0.73365993073934	-0.098543153547516	50.000000000000	0.00000000000000
5.3400000000000	0.73386616337913	-0.099126836446157	50.000000000000	0.00000000000000
5.3455000000000	0.73407224585873	-0.099715468952172	50.000000000000	0.00000000000000
5.3510000000000	0.73427809759695	-0.10030891375465	50.000000000000	0.00000000000000
5.3565000000000	0.73448364308285	-0.10090703666631	50.000000000000	0.00000000000000
5.3620000000000	0.73468881160790	-0.10150970659740	50.000000000000	0.00000000000000
5.3675000000000	0.73489353701143	-0.10211679552458	50.000000000000	0.00000000000000
5.3730000000000	0.73509775743916	-0.10272817845557	50.000000000000	0.00000000000000
5.3785000000000	0.73530141511394	-0.10334373339013	50.000000000000	0.00000000000000
5.3840000000000	0.73550445611822	-0.10396334127776	50.000000000000	0.00000000000000
5.3895000000000	0.73570683018769	-0.10458688597281	50.000000000000	0.00000000000000
5.3950000000000	0.73590849051547	-0.10521425418714	50.000000000000	0.00000000000000
5.4005000000000	0.73610939356652	-0.10584533544095	50.000000000000	0.00000000000000
5.4060000000000	0.73630949890149	-0.10648002201208	50.000000000000	0.00000000000000
5.4115000000000	0.73650876900977	-0.10711820888400	50.000000000000	0.00000000000000
5.4170000000000	0.73670716915123	-0.10775979369275	50.000000000000	0.00000000000000
5.4225000000000	0.73690466720612	-0.10840467667328	50.000000000000	0.00000000000000
5.4280000000000	0.73710123353277	-0.10905276060524	50.000000000000	0.00000000000000
5.4335000000000	0.73729684083289	-0.10970395075840	50.000000000000	0.00000000000000
5.4390000000000	0.73749146402359	-0.11035815483808	50.000000000000	0.00000000000000
5.4445000000000	0.73768508011634	-0.11101528293044	50.000000000000	0.00000000000000
5.4500000000000	0.73787766810218	-0.11167524744810	50.000000000000	0.00000000000000
5.4555000000000	0.73806920884288	-0.11233796307591	50.000000000000	0.00000000000000
5.4610000000000	0.73825968496789	-0.11300334671730	50.000000000000	0.00000000000000
5.4665000000000	0.73844908077663	-0.11367131744096	50.000000000000	0.00000000000000
5.4720000000000	0.73863738214593	-0.11434179642820	50.000000000000	0.00000000000000
5.4775000000000	0.73882457644231	-0.11501470692096	50.000000000000	0.00000000000000
5.4830000000000	0.73901065243889	-0.11568997417054	50.000000000000	0.00000000000000
5.4885000000000	0.73919560023656	-0.11636752538702	50.000000000000	0.00000000000000
5.4940000000000	0.73937941118948	-0.11704728968964	50.000000000000	0.00000000000000
5.4995000000000	0.73956207783432	-0.11772919805794	50.000000000000	0.00000000000000
5.5050000000000	0.73974359382322	-0.11841318328382	50.000000000000	0.00000000000000
5.5105000000000	0.73992395386047	-0.11909917992451	50.000000000000	0.00000000000000
5.5160000000000	0.74010315364225	-0.11978712425640	50.000000000000	0.00000000000000
5.5215000000000	0.74028118979968	-0.12047695423003	50.000000000000	0.00000000000000
5.5270000000000	0.74045805984490	-0.12116860942572	50.000000000000	0.00000000000000
5.5325000000000	0.74063376211987	-0.12186203101045	50.000000000000	0.00000000000000
5.5380000000000	0.74080829574792	-0.12255716169562	50.000000000000	0.00000000000000
5.5435000000000	0.74098166058791	-0.12325394569564	50.000000000000	0.00000000000000
5.5490000000000	0.74115385719062	-0.12395232868768	50.000000000000	0.00000000000000
5.5545000000000	0.74132488675765	-0.12465225777236	50.000000000000	0.00000000000000
5.5600000000000	0.74149475110235	-0.12535368143519	50.000000000000	0.00000000000000
5.5655000000000	0.74166345261279	-0.12605654950924	50.000000000000	0.00000000000000
5.5710000000000	0.74183099421677	-0.12676081313859	50.000000000000	0.00000000000000
5.5765000000000	0.74199737934863	-0.12746642474266	50.000000000000	0.00000000000000
5.5820000000000	0.74216261191778	-0.12817333798161	50.000000000000	0.00000000000000
5.5875000000000	0.74232669627887	-0.12888150772251	50.000000000000	0.00000000000000
5.5930000000000	0.74248963720370	-0.12959089000644	50.000000000000	0.00000000000000
5.5985000000000	0.74265143985436	-0.13030144201645	50.000000000000	0.00000000000000
5.6040000000000	0.74281210975789	-0.13101312204636	50.000000000000	0.00000000000000
5.6095000000000	0.74297165278250	-0.13172588947051	50.000000000000	0.00000000000000
5.6150000000000	0.74313007511461	-0.13243970471410	50.000000000000	0.00000000000000
5.6205000000000	0.74328738323747	-0.13315452922454	50.000000000000	0.00000000000000
5.6260000000000	0.74344358391074	-0.13387032544349	50.000000000000	0.00000000000000
5.6315000000000	0.74359868415123	-0.13458705677973	50.000000000000	0.00000000000000
5.6370000000000	0.74375269121460	-0.13530468758266	50.000000000000	0.00000000000000
5.6425000000000	0.74390561257805	-0.13602318311670	50.000000000000	0.00000000000000
5.6480000000000	0.74405745592396	-0.13674250953625	50.000000000000	0.00000000000000
5.6535000000000	0.74420822912441	-0.13746263386144	50.000000000000	0.00000000000000
5.6590000000000	0.74435794022643	-0.13818352395452	50.000000000000	0.00000000000000
5.6645000000000	0.74450659743815	-0.13890514849695	50.000000000000	0.00000000000000
5.6700000000000	0.74465420911564	-0.13962747696709	50.000000000000	0.00000000000000
5.6755000000000	0.74480078375051	-0.14035047961856	50.000000000000	0.00000000000000
5.6810000000000	0.74494632995805	-0.14107412745915	50.000000000000	0.00000000000000
5.6865000000000	0.74509085646614	-0.14179839223047	50.000000000000	0.00000000000000
5.6920000000000	0.74523437210474	-0.14252324638793	50.000000000000	0.00000000000000
5.6975000000000	0.74537688579589	-0.14324866308158	50.000000000000	0.00000000000000
5.7030000000000	0.74551840654428	-0.14397461613728	50.000000000000	0.00000000000000
5.7085000000000	0.74565894342836	-0.14470108003847	50.000000000000	0.00000000000000
5.7140000000000	0.74579850559192	-0.14542802990848	50.000000000000	0.00000000000000
5.7195000000000	0.74593710223613	-0.14615544149338	50.000000000000	0.00000000000000
5.7250000000000	0.74607474261204	-0.14688329114517	50.000000000000	0.00000000000000
5.7305000000000	0.74621143601344	-0.14761155580563	50.000000000000	0.00000000000000
5.7360000000000	0.74634719177017	-0.14834021299053	50.000000000000	0.00000000000000
5.7415000000000	0.74648201924183	-0.14906924077426	50.000000000000	0.00000000000000
5.7470000000000	0.74661592781173	-0.14979861777501	50.000000000000	0.00000000000000
5.7525000000000	0.74674892688135	-0.15052832314031	50.000000000000	0.00000000000000
5.7580000000000	0.74688102586493	-0.15125833653289	50.000000000000	0.00000000000000
5.7635000000000	0.74701223418453	-0.15198863811715	50.000000000000	0.00000000000000
5.7690000000000	0.74714256126523	-0.15271920854580	50.000000000000	0.00000000000000
5.7745000000000	0.74727201653076	-0.15345002894704	50.000000000000	0.00000000000000
5.7800000000000	0.74740060939931	-0.15418108091202	50.000000000000	0.00000000000000
5.7855000000000	0.74752834927950	-0.15491234648264	50.000000000000	0.00000000000000
5.7910000000000	0.74765524556676	-0.15564380813976	50.000000000000	0.00000000000000
5.7965000000000	0.74778130763982	-0.15637544879174	50.000000000000	0.00000000000000
5.8020000000000	0.74790654485738	-0.15710725176325	50.000000000000	0.00000000000000
5.8075000000000	0.74803096655515	-0.15783920078439	50.000000000000	0.00000000000000
5.8130000000000	0.74815458204285	-0.15857127998020	50.000000000000	0.00000000000000
5.8185000000000	0.74827740060156	-0.15930347386038	50.000000000000	0.00000000000000
5.8240000000000	0.74839943148117	-0.16003576730935	50.000000000000	0.00000000000000
5.8295000000000	0.74852068389799	-0.16076814557660	50.000000000000	0.00000000000000
5.8350000000000	0.74864116703264	-0.16150059426720	50.000000000000	0.00000000000000
5.8405000000000	0.74876089002775	-0.16223309933273	50.000000000000	0.00000000000000
5.8460000000000	0.74887986198628	-0.16296564706235	50.000000000000	0.00000000000000
5.8515000000000	0.74899809196952	-0.16369822407419	50.000000000000	0.00000000000000
5.8570000000000	0.74911558899554	-0.16443081730690	50.000000000000	0.00000000000000
5.8625000000000	0.74923236203754	-0.16516341401153	50.000000000000	0.00000000000000
5.8680000000000	0.74934842002245	-0.16589600174357	50.000000000000	0.00000000000000
5.8735000000000	0.74946377182956	-0.16662856835518	50.000000000000	0.00000000000000
5.8790000000000	0.74957842628929	-0.16736110198778	50.000000000000	0.00000000000000
5.8845000000000	0.74969239218204	-0.16809359106464	50.000000000000	0.00000000000000
5.8900000000000	0.74980567823715	-0.16882602428384	50.000000000000	0.00000000000000
5.8955000000000	0.74991829313185	-0.16955839061132	50.000000000000	0.00000000000000
5.9010000000000	0.75003024549049	-0.17029067927422	50.000000000000	0.00000000000000
5.9065000000000	0.75014154388363	-0.17102287975428	50.000000000000	0.00000000000000
5.9120000000000	0.75025219682734	-0.17175498178149	50.000000000000	0.00000000000000
5.9175000000000	0.75036221278249	-0.17248697532796	50.000000000000	0.00000000000000
5.9230000000000	0.75047160015421	-0.17321885060184	50.000000000000	0.00000000000000
5.9285000000000	0.75058036729128	-0.17395059804147	50.000000000000	0.00000000000000
5.9340000000000	0.75068852248566	-0.17468220830971	50.000000000000	0.00000000000000
5.9395000000000	0.75079607397209	-0.17541367228839	50.000000000000	0.00000000000000
5.9450000000000	0.75090302992767	-0.17614498107289	50.000000000000	0.00000000000000
5.9505000000000	0.75100939847154	-0.17687612596691	50.000000000000	0.00000000000000
5.9560000000000	0.75111518766461	-0.17760709847737	50.000000000000	0.00000000000000
5.9615000000000	0.75122040550931	-0.17833789030939	50.000000000000	0.00000000000000
5.9670000000000	0.75132505994940	-0.17906849336149	50.000000000000	0.00000000000000
5.9725000000000	0.75142915886981	-0.17979889972086	50.000000000000	0.00000000000000
5.9780000000000	0.75153271009651	-0.18052910165879	50.000000000000	0.00000000000000
5.9835000000000	0.75163572139643	-0.18125909162616	50.000000000000	0.00000000000000
5.9890000000000	0.75173820047743	-0.18198886224913	50.000000000000	0.00000000000000
5.9945000000000	0.75184015498824	-0.18271840632490	50.000000000000	0.00000000000000
6.0000000000000	0.75194159251850	-0.18344771681755	50.000000000000	0.00000000000000
