#Parameters = {Disk_Antenna_1_S11_target_top=-17; Disk_Antenna_1_center_frequency=2.45; Disk_Antenna_1_central_pipe_radius=2.5; Disk_Antenna_1_connector_inner_diameter=1.74; Disk_Antenna_1_connector_outer_diameter=4; Disk_Antenna_1_direction_disks_diameter_1=53.5; Disk_Antenna_1_direction_disks_diameter_2=39.5; Disk_Antenna_1_direction_disks_diameter_3=39.5; Disk_Antenna_1_direction_disks_diameter_4=39; Disk_Antenna_1_direction_disks_diameter_5=35; Disk_Antenna_1_disk_metallization_thickness=0.5; Disk_Antenna_1_frequency_range=0.15; Disk_Antenna_1_inter_direction_disks_distance_1=30; Disk_Antenna_1_inter_direction_disks_distance_2=30; Disk_Antenna_1_inter_direction_disks_distance_3=30; Disk_Antenna_1_inter_direction_disks_distance_4=30; Disk_Antenna_1_line_direction_disk_distance=11; Disk_Antenna_1_line_disk_diameter=68.3; Disk_Antenna_1_main_line_disks_distance=10; Disk_Antenna_1_main_reflector_diameter=90; Disk_Antenna_1_number_direction_disk=5; Disk_Antenna_1_nut_diameter=8; Disk_Antenna_1_nut_height=1; Disk_Antenna_1_nut_thickness=3; Disk_Antenna_1_optimisation_range=0.1; Disk_Antenna_1_port_connection_offset=24.3}
#"Frequency / GHz"	"S1,1 [Re]"	"S1,1 [Im]"	"Ref.Imp. [Re]"	"Ref.Imp. [Im]"
#-------------------------------------------------------------------------
0.50000000000000	-0.18989592350163	0.93797997738735	50.000000000000	0.00000000000000
0.50550000000000	-0.17682008792114	0.93996724021259	50.000000000000	0.00000000000000
0.51100000000000	-0.16371500538808	0.94176346476978	50.000000000000	0.00000000000000
0.51650000000000	-0.15058226052040	0.94336735501716	50.000000000000	0.00000000000000
0.52200000000000	-0.13742345093396	0.94477754790804	50.000000000000	0.00000000000000
0.52750000000000	-0.12424019155576	0.94599260975641	50.000000000000	0.00000000000000
0.53300000000000	-0.11103411930420	0.94701103257530	50.000000000000	0.00000000000000
0.53850000000000	-0.097806898164323	0.94783123039872	50.000000000000	0.00000000000000
0.54400000000000	-0.084560224688156	0.94845153560047	50.000000000000	0.00000000000000
0.54950000000000	-0.071295833952651	0.94887019522564	50.000000000000	0.00000000000000
0.55500000000000	-0.058015506009821	0.94908536735381	50.000000000000	0.00000000000000
0.56050000000000	-0.044721072866082	0.94909511751645	50.000000000000	0.00000000000000
0.56600000000000	-0.031414426030249	0.94889741519537	50.000000000000	0.00000000000000
0.57150000000000	-0.018097524672034	0.94849013043337	50.000000000000	0.00000000000000
0.57700000000000	-0.0047724044351985	0.94787103059398	50.000000000000	0.00000000000000
0.58250000000000	0.0085588130480635	0.94703777731312	50.000000000000	0.00000000000000
0.58800000000000	0.021893909892835	0.94598792369243	50.000000000000	0.00000000000000
0.59350000000000	0.035230560896633	0.94471891179205	50.000000000000	0.00000000000000
0.59900000000000	0.048566321621679	0.94322807048945	50.000000000000	0.00000000000000
0.60450000000000	0.061898615570860	0.94151261378109	50.000000000000	0.00000000000000
0.61000000000000	0.075224720403155	0.93956963961502	50.000000000000	0.00000000000000
0.61550000000000	0.088541753134564	0.93739612935517	50.000000000000	0.00000000000000
0.62100000000000	0.10184665427166	0.93498894799266	50.000000000000	0.00000000000000
0.62650000000000	0.11513617082719	0.93234484523496	50.000000000000	0.00000000000000
0.63200000000000	0.12840683817100	0.92946045762180	50.000000000000	0.00000000000000
0.63750000000000	0.14165496067557	0.92633231183598	50.000000000000	0.00000000000000
0.64300000000000	0.15487659112326	0.92295682939883	50.000000000000	0.00000000000000
0.64850000000000	0.16806750885370	0.91933033296350	50.000000000000	0.00000000000000
0.65400000000000	0.18122319664401	0.91544905444478	50.000000000000	0.00000000000000
0.65950000000000	0.19433881633335	0.91130914525153	50.000000000000	0.00000000000000
0.66500000000000	0.20740918322659	0.90690668891697	50.000000000000	0.00000000000000
0.67050000000000	0.22042873934164	0.90223771645304	50.000000000000	0.00000000000000
0.67600000000000	0.23339152560089	0.89729822478661	50.000000000000	0.00000000000000
0.68150000000000	0.24629115311183	0.89208419866824	50.000000000000	0.00000000000000
0.68700000000000	0.25912077373506	0.88659163647587	50.000000000000	0.00000000000000
0.69250000000000	0.27187305020234	0.88081658036716	50.000000000000	0.00000000000000
0.69800000000000	0.28454012612308	0.87475515126162	50.000000000000	0.00000000000000
0.70350000000000	0.29711359630759	0.86840358915713	50.000000000000	0.00000000000000
0.70900000000000	0.30958447793936	0.86175829930133	50.000000000000	0.00000000000000
0.71450000000000	0.32194318324965	0.85481590474375	50.000000000000	0.00000000000000
0.72000000000000	0.33417949448528	0.84757330578647	50.000000000000	0.00000000000000
0.72550000000000	0.34628254211639	0.84002774682391	50.000000000000	0.00000000000000
0.73100000000000	0.35824078740491	0.83217689101140	50.000000000000	0.00000000000000
0.73650000000000	0.37004201064534	0.82401890312103	50.000000000000	0.00000000000000
0.74200000000000	0.38167330659633	0.81555254082417	50.000000000000	0.00000000000000
0.74750000000000	0.39312108883967	0.80677725447540	50.000000000000	0.00000000000000
0.75300000000000	0.40437110502776	0.79769329525317	50.000000000000	0.00000000000000
0.75850000000000	0.41540846520379	0.78830183122868	50.000000000000	0.00000000000000
0.76400000000000	0.42621768558807	0.77860507057750	50.000000000000	0.00000000000000
0.76950000000000	0.43678275040596	0.76860639070824	50.000000000000	0.00000000000000
0.77500000000000	0.44708719446718	0.75831047155313	50.000000000000	0.00000000000000
0.78050000000000	0.45711420926979	0.74772343064092	50.000000000000	0.00000000000000
0.78600000000000	0.46684677536599	0.73685295685320	50.000000000000	0.00000000000000
0.79150000000000	0.47626782355790	0.72570843895663	50.000000000000	0.00000000000000
0.79700000000000	0.48536042715185	0.71430108411983	50.000000000000	0.00000000000000
0.80250000000000	0.49410802695030	0.70264402068953	50.000000000000	0.00000000000000
0.80800000000000	0.50249468986072	0.69075237855439	50.000000000000	0.00000000000000
0.81350000000000	0.51050540091383	0.67864333951953	50.000000000000	0.00000000000000
0.81900000000000	0.51812638708078	0.66633614932126	50.000000000000	0.00000000000000
0.82450000000000	0.52534546954566	0.65385208231718	50.000000000000	0.00000000000000
0.83000000000000	0.53215243903097	0.64121434959512	50.000000000000	0.00000000000000
0.83550000000000	0.53853944642616	0.62844794137122	50.000000000000	0.00000000000000
0.84100000000000	0.54450139840159	0.61557939521343	50.000000000000	0.00000000000000
0.84650000000000	0.55003634501804	0.60263648294601	50.000000000000	0.00000000000000
0.85200000000000	0.55514584372330	0.58964781116022	50.000000000000	0.00000000000000
0.85750000000000	0.55983528176745	0.57664233313341	50.000000000000	0.00000000000000
0.86300000000000	0.56411413721078	0.56364877364760	50.000000000000	0.00000000000000
0.86850000000000	0.56799615760755	0.55069497262749	50.000000000000	0.00000000000000
0.87400000000000	0.57149943539346	0.53780715852833	50.000000000000	0.00000000000000
0.87950000000000	0.57464636021921	0.52500916773922	50.000000000000	0.00000000000000
0.88500000000000	0.57746343112863	0.51232163157922	50.000000000000	0.00000000000000
0.89050000000000	0.57998091564389	0.49976115732793	50.000000000000	0.00000000000000
0.89600000000000	0.58223234842273	0.48733953368136	50.000000000000	0.00000000000000
0.90150000000000	0.58425386896795	0.47506299359628	50.000000000000	0.00000000000000
0.90700000000000	0.58608340550853	0.46293156828142	50.000000000000	0.00000000000000
0.91250000000000	0.58775972010509	0.45093856483318	50.000000000000	0.00000000000000
0.91800000000000	0.58932133762974	0.43907019659570	50.000000000000	0.00000000000000
0.92350000000000	0.59080538786686	0.42730538986172	50.000000000000	0.00000000000000
0.92900000000000	0.59224639495361	0.41561578335610	50.000000000000	0.00000000000000
0.93450000000000	0.59367505123091	0.40396592860077	50.000000000000	0.00000000000000
0.94000000000000	0.59511701300085	0.39231369044110	50.000000000000	0.00000000000000
0.94550000000000	0.59659175362675	0.38061083849334	50.000000000000	0.00000000000000
0.95100000000000	0.59811150506232	0.36880381281310	50.000000000000	0.00000000000000
0.95650000000000	0.59968031269628	0.35683464134638	50.000000000000	0.00000000000000
0.96200000000000	0.60129322097282	0.34464198319310	50.000000000000	0.00000000000000
0.96750000000000	0.60293559933999	0.33216227064866	50.000000000000	0.00000000000000
0.97300000000000	0.60458261046186	0.31933092440703	50.000000000000	0.00000000000000
0.97850000000000	0.60619881603283	0.30608361999641	50.000000000000	0.00000000000000
0.98400000000000	0.60773791057039	0.29235758907202	50.000000000000	0.00000000000000
0.98950000000000	0.60914257070095	0.27809294606988	50.000000000000	0.00000000000000
0.99500000000000	0.61034440698836	0.26323403831634	50.000000000000	0.00000000000000
1.0005000000000	0.61126400742766	0.24773082535051	50.000000000000	0.00000000000000
1.0060000000000	0.61181106634249	0.23154030032511	50.000000000000	0.00000000000000
1.0115000000000	0.61188459948904	0.21462797230748	50.000000000000	0.00000000000000
1.0170000000000	0.61137325551506	0.19696943253629	50.000000000000	0.00000000000000
1.0225000000000	0.61015574532918	0.17855202963264	50.000000000000	0.00000000000000
1.0280000000000	0.60810142412580	0.15937667781774	50.000000000000	0.00000000000000
1.0335000000000	0.60507107542242	0.13945981768747	50.000000000000	0.00000000000000
1.0390000000000	0.60091796199149	0.11883554027200	50.000000000000	0.00000000000000
1.0445000000000	0.59548922426652	0.097557871095198	50.000000000000	0.00000000000000
1.0500000000000	0.58862772156926	0.075703190794454	50.000000000000	0.00000000000000
1.0555000000000	0.58017442373861	0.053372741629414	50.000000000000	0.00000000000000
1.0610000000000	0.56997146818441	0.030695134138685	50.000000000000	0.00000000000000
1.0665000000000	0.55786599700557	0.0078287249977037	50.000000000000	0.00000000000000
1.0720000000000	0.54371487674127	-0.015036313653440	50.000000000000	0.00000000000000
1.0775000000000	0.52739037498419	-0.037676469559523	50.000000000000	0.00000000000000
1.0830000000000	0.50878681852355	-0.059834204615297	50.000000000000	0.00000000000000
1.0885000000000	0.48782818229726	-0.081218455456348	50.000000000000	0.00000000000000
1.0940000000000	0.46447645411759	-0.10150670634891	50.000000000000	0.00000000000000
1.0995000000000	0.43874048696050	-0.12034903149728	50.000000000000	0.00000000000000
1.1050000000000	0.41068489382306	-0.13737447245247	50.000000000000	0.00000000000000
1.1105000000000	0.38043837224977	-0.15220002669704	50.000000000000	0.00000000000000
1.1160000000000	0.34820068780232	-0.16444236301084	50.000000000000	0.00000000000000
1.1215000000000	0.31424742786128	-0.17373214277620	50.000000000000	0.00000000000000
1.1270000000000	0.27893159517268	-0.17973052176693	50.000000000000	0.00000000000000
1.1325000000000	0.24268118075197	-0.18214705954835	50.000000000000	0.00000000000000
1.1380000000000	0.20599206565526	-0.18075791819603	50.000000000000	0.00000000000000
1.1435000000000	0.16941595866878	-0.17542294976246	50.000000000000	0.00000000000000
1.1490000000000	0.13354356081684	-0.16610012079683	50.000000000000	0.00000000000000
1.1545000000000	0.098983702585499	-0.15285576174069	50.000000000000	0.00000000000000
1.1600000000000	0.066339741242480	-0.13586939202557	50.000000000000	0.00000000000000
1.1655000000000	0.036184934165115	-0.11543234909915	50.000000000000	0.00000000000000
1.1710000000000	0.0090387283105022	-0.091940084259840	50.000000000000	0.00000000000000
1.1765000000000	-0.014654132640050	-0.065878682212840	50.000000000000	0.00000000000000
1.1820000000000	-0.034540090736811	-0.037806796670537	50.000000000000	0.00000000000000
1.1875000000000	-0.050367783621467	-0.0083346612787182	50.000000000000	0.00000000000000
1.1930000000000	-0.061993178842826	0.021897941058078	50.000000000000	0.00000000000000
1.1985000000000	-0.069379103983752	0.052242909786515	50.000000000000	0.00000000000000
1.2040000000000	-0.072590027198985	0.082062697329115	50.000000000000	0.00000000000000
1.2095000000000	-0.071783359692721	0.11074570244267	50.000000000000	0.00000000000000
1.2150000000000	-0.067198769763360	0.13771759554538	50.000000000000	0.00000000000000
1.2205000000000	-0.059147026300684	0.16244850890430	50.000000000000	0.00000000000000
1.2260000000000	-0.047999767019314	0.18445648706911	50.000000000000	0.00000000000000
1.2315000000000	-0.034181365687990	0.20330796561252	50.000000000000	0.00000000000000
1.2370000000000	-0.018163802617170	0.21861633060654	50.000000000000	0.00000000000000
1.2425000000000	-0.00046515703447779	0.23003983233568	50.000000000000	0.00000000000000
1.2480000000000	0.018347953077983	0.23728032297295	50.000000000000	0.00000000000000
1.2535000000000	0.037653981385122	0.24008449947728	50.000000000000	0.00000000000000
1.2590000000000	0.056766523113593	0.23824958774225	50.000000000000	0.00000000000000
1.2645000000000	0.074921849947569	0.23163569865933	50.000000000000	0.00000000000000
1.2700000000000	0.091265829165346	0.22018735720114	50.000000000000	0.00000000000000
1.2755000000000	0.10484353114922	0.20396678205323	50.000000000000	0.00000000000000
1.2810000000000	0.11459680758190	0.18320103881551	50.000000000000	0.00000000000000
1.2865000000000	0.11937766317500	0.15834364004324	50.000000000000	0.00000000000000
1.2920000000000	0.11798793037400	0.13014772796444	50.000000000000	0.00000000000000
1.2975000000000	0.10925743850966	0.099741819754776	50.000000000000	0.00000000000000
1.3030000000000	0.092171320100360	0.068689938706352	50.000000000000	0.00000000000000
1.3085000000000	0.066049093550867	0.039007216367110	50.000000000000	0.00000000000000
1.3140000000000	0.030760749580032	0.013094322575856	50.000000000000	0.00000000000000
1.3195000000000	-0.013061265513876	-0.0064423449521093	50.000000000000	0.00000000000000
1.3250000000000	-0.063882271118805	-0.017093759965074	50.000000000000	0.00000000000000
1.3305000000000	-0.11927595757463	-0.016837221098006	50.000000000000	0.00000000000000
1.3360000000000	-0.17613729195634	-0.0045195501345541	50.000000000000	0.00000000000000
1.3415000000000	-0.23108328313636	0.019887055394959	50.000000000000	0.00000000000000
1.3470000000000	-0.28094708303218	0.055253798512194	50.000000000000	0.00000000000000
1.3525000000000	-0.32322407690905	0.099507924939776	50.000000000000	0.00000000000000
1.3580000000000	-0.35634751799016	0.15001698613079	50.000000000000	0.00000000000000
1.3635000000000	-0.37974468277431	0.20401970976038	50.000000000000	0.00000000000000
1.3690000000000	-0.39370664149010	0.25898767986212	50.000000000000	0.00000000000000
1.3745000000000	-0.39915304190197	0.31285479921080	50.000000000000	0.00000000000000
1.3800000000000	-0.39737613149060	0.36411041853739	50.000000000000	0.00000000000000
1.3855000000000	-0.38982135964708	0.41179013587565	50.000000000000	0.00000000000000
1.3910000000000	-0.37792810520522	0.45540991321878	50.000000000000	0.00000000000000
1.3965000000000	-0.36302795289632	0.49488254632836	50.000000000000	0.00000000000000
1.4020000000000	-0.34628323449720	0.53044122543755	50.000000000000	0.00000000000000
1.4075000000000	-0.32864294138733	0.56257928720562	50.000000000000	0.00000000000000
1.4130000000000	-0.31079402138590	0.59199965038520	50.000000000000	0.00000000000000
1.4185000000000	-0.29309469398914	0.61955126696630	50.000000000000	0.00000000000000
1.4240000000000	-0.27549864113549	0.64611685791398	50.000000000000	0.00000000000000
1.4295000000000	-0.25751833309731	0.67242212062701	50.000000000000	0.00000000000000
1.4350000000000	-0.23831298782444	0.69878739217345	50.000000000000	0.00000000000000
1.4405000000000	-0.21696311775185	0.72493688865351	50.000000000000	0.00000000000000
1.4460000000000	-0.19286256819883	0.75003207680827	50.000000000000	0.00000000000000
1.4515000000000	-0.16600823015482	0.77298410910716	50.000000000000	0.00000000000000
1.4570000000000	-0.13699481134481	0.79287649098905	50.000000000000	0.00000000000000
1.4625000000000	-0.10674722573288	0.80924113280722	50.000000000000	0.00000000000000
1.4680000000000	-0.076198596340744	0.82208041553145	50.000000000000	0.00000000000000
1.4735000000000	-0.046084499995761	0.83172004710806	50.000000000000	0.00000000000000
1.4790000000000	-0.016884491719852	0.83863058166269	50.000000000000	0.00000000000000
1.4845000000000	0.011144139159758	0.84329757058282	50.000000000000	0.00000000000000
1.4900000000000	0.037901825239796	0.84615386405805	50.000000000000	0.00000000000000
1.4955000000000	0.063386514979416	0.84755672751073	50.000000000000	0.00000000000000
1.5010000000000	0.087649479340818	0.84778901149976	50.000000000000	0.00000000000000
1.5065000000000	0.11076687954804	0.84707003937634	50.000000000000	0.00000000000000
1.5120000000000	0.13282308211356	0.84556857152369	50.000000000000	0.00000000000000
1.5175000000000	0.15390164321910	0.84341456564856	50.000000000000	0.00000000000000
1.5230000000000	0.17408091090330	0.84070873145195	50.000000000000	0.00000000000000
1.5285000000000	0.19343224460364	0.83752988020920	50.000000000000	0.00000000000000
1.5340000000000	0.21201963498841	0.83394042005076	50.000000000000	0.00000000000000
1.5395000000000	0.22990001977980	0.82999040855965	50.000000000000	0.00000000000000
1.5450000000000	0.24712390428170	0.82572052673224	50.000000000000	0.00000000000000
1.5505000000000	0.26373607822707	0.82116426301547	50.000000000000	0.00000000000000
1.5560000000000	0.27977632406373	0.81634952449863	50.000000000000	0.00000000000000
1.5615000000000	0.29528006871373	0.81129983395737	50.000000000000	0.00000000000000
1.5670000000000	0.31027896113864	0.80603522709406	50.000000000000	0.00000000000000
1.5725000000000	0.32480137345308	0.80057293182626	50.000000000000	0.00000000000000
1.5780000000000	0.33887283058783	0.79492788813240	50.000000000000	0.00000000000000
1.5835000000000	0.35251637641389	0.78911315035766	50.000000000000	0.00000000000000
1.5890000000000	0.36575288491628	0.78314020211657	50.000000000000	0.00000000000000
1.5945000000000	0.37860132460730	0.77701920559179	50.000000000000	0.00000000000000
1.6000000000000	0.39107898351431	0.77075920110765	50.000000000000	0.00000000000000
1.6055000000000	0.40320166108758	0.76436826863355	50.000000000000	0.00000000000000
1.6110000000000	0.41498383240617	0.75785365984370	50.000000000000	0.00000000000000
1.6165000000000	0.42643878918558	0.75122190717357	50.000000000000	0.00000000000000
1.6220000000000	0.43757876133150	0.74447891472468	50.000000000000	0.00000000000000
1.6275000000000	0.44841502214156	0.73763003470612	50.000000000000	0.00000000000000
1.6330000000000	0.45895797972110	0.73068013224262	50.000000000000	0.00000000000000
1.6385000000000	0.46921725673603	0.72363364074042	50.000000000000	0.00000000000000
1.6440000000000	0.47920176026179	0.71649460952321	50.000000000000	0.00000000000000
1.6495000000000	0.48891974318877	0.70926674508837	50.000000000000	0.00000000000000
1.6550000000000	0.49837885840012	0.70195344705751	50.000000000000	0.00000000000000
1.6605000000000	0.50758620673731	0.69455783968326	50.000000000000	0.00000000000000
1.6660000000000	0.51654837960453	0.68708279960936	50.000000000000	0.00000000000000
1.6715000000000	0.52527149692744	0.67953098045312	50.000000000000	0.00000000000000
1.6770000000000	0.53376124107092	0.67190483467768	50.000000000000	0.00000000000000
1.6825000000000	0.54202288722748	0.66420663314125	50.000000000000	0.00000000000000
1.6880000000000	0.55006133071246	0.65643848264657	50.000000000000	0.00000000000000
1.6935000000000	0.55788111153783	0.64860234176168	50.000000000000	0.00000000000000
1.6990000000000	0.56548643658384	0.64070003514155	50.000000000000	0.00000000000000
1.7045000000000	0.57288119964306	0.63273326654554	50.000000000000	0.00000000000000
1.7100000000000	0.58006899957396	0.62470363071780	50.000000000000	0.00000000000000
1.7155000000000	0.58705315676987	0.61661262427425	50.000000000000	0.00000000000000
1.7210000000000	0.59383672812219	0.60846165572065	50.000000000000	0.00000000000000
1.7265000000000	0.60042252063441	0.60025205470988	50.000000000000	0.00000000000000
1.7320000000000	0.60681310382379	0.59198508063334	50.000000000000	0.00000000000000
1.7375000000000	0.61301082103157	0.58366193062946	50.000000000000	0.00000000000000
1.7430000000000	0.61901779974798	0.57528374708319	50.000000000000	0.00000000000000
1.7485000000000	0.62483596104653	0.56685162468163	50.000000000000	0.00000000000000
1.7540000000000	0.63046702821156	0.55836661708418	50.000000000000	0.00000000000000
1.7595000000000	0.63591253463385	0.54982974325959	50.000000000000	0.00000000000000
1.7650000000000	0.64117383104168	0.54124199353695	50.000000000000	0.00000000000000
1.7705000000000	0.64625209212764	0.53260433541361	50.000000000000	0.00000000000000
1.7760000000000	0.65114832262593	0.52391771915863	50.000000000000	0.00000000000000
1.7815000000000	0.65586336288976	0.51518308324774	50.000000000000	0.00000000000000
1.7870000000000	0.66039789401428	0.50640135966241	50.000000000000	0.00000000000000
1.7925000000000	0.66475244254641	0.49757347908349	50.000000000000	0.00000000000000
1.7980000000000	0.66892738482015	0.48870037600762	50.000000000000	0.00000000000000
1.8035000000000	0.67292295095289	0.47978299381280	50.000000000000	0.00000000000000
1.8090000000000	0.67673922853599	0.47082228979807	50.000000000000	0.00000000000000
1.8145000000000	0.68037616605116	0.46181924022052	50.000000000000	0.00000000000000
1.8200000000000	0.68383357604214	0.45277484535213	50.000000000000	0.00000000000000
1.8255000000000	0.68711113807041	0.44369013457749	50.000000000000	0.00000000000000
1.8310000000000	0.69020840148209	0.43456617155273	50.000000000000	0.00000000000000
1.8365000000000	0.69312478801295	0.42540405944525	50.000000000000	0.00000000000000
1.8420000000000	0.69585959425761	0.41620494627301	50.000000000000	0.00000000000000
1.8475000000000	0.69841199402878	0.40697003036154	50.000000000000	0.00000000000000
1.8530000000000	0.70078104063263	0.39770056593633	50.000000000000	0.00000000000000
1.8585000000000	0.70296566908613	0.38839786886751	50.000000000000	0.00000000000000
1.8640000000000	0.70496469830290	0.37906332258361	50.000000000000	0.00000000000000
1.8695000000000	0.70677683327466	0.36969838417003	50.000000000000	0.00000000000000
1.8750000000000	0.70840066727595	0.36030459066804	50.000000000000	0.00000000000000
1.8805000000000	0.70983468412104	0.35088356558890	50.000000000000	0.00000000000000
1.8860000000000	0.71107726050304	0.34143702565758	50.000000000000	0.00000000000000
1.8915000000000	0.71212666844645	0.33196678779937	50.000000000000	0.00000000000000
1.8970000000000	0.71298107790631	0.32247477638229	50.000000000000	0.00000000000000
1.9025000000000	0.71363855954855	0.31296303072707	50.000000000000	0.00000000000000
1.9080000000000	0.71409708774821	0.30343371289520	50.000000000000	0.00000000000000
1.9135000000000	0.71435454384462	0.29388911576486	50.000000000000	0.00000000000000
1.9190000000000	0.71440871969443	0.28433167140234	50.000000000000	0.00000000000000
1.9245000000000	0.71425732156658	0.27476395973550	50.000000000000	0.00000000000000
1.9300000000000	0.71389797442551	0.26518871753342	50.000000000000	0.00000000000000
1.9355000000000	0.71332822665195	0.25560884769426	50.000000000000	0.00000000000000
1.9410000000000	0.71254555525395	0.24602742884071	50.000000000000	0.00000000000000
1.9465000000000	0.71154737162348	0.23644772521928	50.000000000000	0.00000000000000
1.9520000000000	0.71033102789775	0.22687319689613	50.000000000000	0.00000000000000
1.9575000000000	0.70889382398763	0.21730751023832	50.000000000000	0.00000000000000
1.9630000000000	0.70723301533886	0.20775454866447	50.000000000000	0.00000000000000
1.9685000000000	0.70534582149562	0.19821842364399	50.000000000000	0.00000000000000
1.9740000000000	0.70322943553922	0.18870348591783	50.000000000000	0.00000000000000
1.9795000000000	0.70088103447830	0.17921433690727	50.000000000000	0.00000000000000
1.9850000000000	0.69829779067002	0.16975584026976	50.000000000000	0.00000000000000
1.9905000000000	0.69547688435492	0.16033313355274	50.000000000000	0.00000000000000
1.9960000000000	0.69241551739089	0.15095163988658	50.000000000000	0.00000000000000
2.0015000000000	0.68911092827364	0.14161707964832	50.000000000000	0.00000000000000
2.0070000000000	0.68556040853341	0.13233548201588	50.000000000000	0.00000000000000
2.0125000000000	0.68176132059791	0.12311319632039	50.000000000000	0.00000000000000
2.0180000000000	0.67771111721239	0.11395690309061	50.000000000000	0.00000000000000
2.0235000000000	0.67340736250615	0.10487362466864	50.000000000000	0.00000000000000
2.0290000000000	0.66884775479297	0.095870735260113	50.000000000000	0.00000000000000
2.0345000000000	0.66403015118921	0.086955970264918	50.000000000000	0.00000000000000
2.0400000000000	0.65895259412741	0.078137434716186	50.000000000000	0.00000000000000
2.0455000000000	0.65361333983616	0.069423610635692	50.000000000000	0.00000000000000
2.0510000000000	0.64801088884659	0.060823363093385	50.000000000000	0.00000000000000
2.0565000000000	0.64214401857346	0.052345944737468	50.000000000000	0.00000000000000
2.0620000000000	0.63601181800259	0.044000998539225	50.000000000000	0.00000000000000
2.0675000000000	0.62961372449788	0.035798558474529	50.000000000000	0.00000000000000
2.0730000000000	0.62294956271735	0.027749047841234	50.000000000000	0.00000000000000
2.0785000000000	0.61601958560110	0.019863274889416	50.000000000000	0.00000000000000
2.0840000000000	0.60882451736185	0.012152425420065	50.000000000000	0.00000000000000
2.0895000000000	0.60136559837247	0.0046280519876365	50.000000000000	0.00000000000000
2.0950000000000	0.59364463180274	-0.0026979406760134	50.000000000000	0.00000000000000
2.1005000000000	0.58566403181063	-0.0098133144140747	50.000000000000	0.00000000000000
2.1060000000000	0.57742687304034	-0.016705520982442	50.000000000000	0.00000000000000
2.1115000000000	0.56893694112098	-0.023361730388015	50.000000000000	0.00000000000000
2.1170000000000	0.56019878379558	-0.029768864643688	50.000000000000	0.00000000000000
2.1225000000000	0.55121776224114	-0.035913637349096	50.000000000000	0.00000000000000
2.1280000000000	0.54200010206560	-0.041782599491250	50.000000000000	0.00000000000000
2.1335000000000	0.53255294338991	-0.047362191833666	50.000000000000	0.00000000000000
2.1390000000000	0.52288438934138	-0.052638804226521	50.000000000000	0.00000000000000
2.1445000000000	0.51300355220096	-0.057598842120375	50.000000000000	0.00000000000000
2.1500000000000	0.50292059636343	-0.062228800503405	50.000000000000	0.00000000000000
2.1555000000000	0.49264677718691	-0.066515345402318	50.000000000000	0.00000000000000
2.1610000000000	0.48219447472998	-0.070445402992889	50.000000000000	0.00000000000000
2.1665000000000	0.47157722130255	-0.074006256252584	50.000000000000	0.00000000000000
2.1720000000000	0.46080972169506	-0.077185648958845	50.000000000000	0.00000000000000
2.1775000000000	0.44990786490096	-0.079971896688452	50.000000000000	0.00000000000000
2.1830000000000	0.43888872611562	-0.082354004309351	50.000000000000	0.00000000000000
2.1885000000000	0.42777055778267	-0.084321789276922	50.000000000000	0.00000000000000
2.1940000000000	0.41657276847146	-0.085866009853452	50.000000000000	0.00000000000000
2.1995000000000	0.40531588841061	-0.086978497166125	50.000000000000	0.00000000000000
2.2050000000000	0.39402152057486	-0.087652289809445	50.000000000000	0.00000000000000
2.2105000000000	0.38271227633061	-0.087881769486225	50.000000000000	0.00000000000000
2.2160000000000	0.37141169479050	-0.087662795973947	50.000000000000	0.00000000000000
2.2215000000000	0.36014414521197	-0.086992839506620	50.000000000000	0.00000000000000
2.2270000000000	0.34893471199786	-0.085871108483744	50.000000000000	0.00000000000000
2.2325000000000	0.33780906211975	-0.084298670264499	50.000000000000	0.00000000000000
2.2380000000000	0.32679329508254	-0.082278562686713	50.000000000000	0.00000000000000
2.2435000000000	0.31591377587852	-0.079815893872795	50.000000000000	0.00000000000000
2.2490000000000	0.30519695173434	-0.076917927857412	50.000000000000	0.00000000000000
2.2545000000000	0.29466915382716	-0.073594153600324	50.000000000000	0.00000000000000
2.2600000000000	0.28435638552717	-0.069856335038864	50.000000000000	0.00000000000000
2.2655000000000	0.27428409910058	-0.065718539990603	50.000000000000	0.00000000000000
2.2710000000000	0.26447696316896	-0.061197145940667	50.000000000000	0.00000000000000
2.2765000000000	0.25495862355341	-0.056310821037574	50.000000000000	0.00000000000000
2.2820000000000	0.24575146042074	-0.051080478974379	50.000000000000	0.00000000000000
2.2875000000000	0.23687634488396	-0.045529206839345	50.000000000000	0.00000000000000
2.2930000000000	0.22835239837380	-0.039682165475017	50.000000000000	0.00000000000000
2.2985000000000	0.22019675818618	-0.033566462371568	50.000000000000	0.00000000000000
2.3040000000000	0.21242435261104	-0.027210997626355	50.000000000000	0.00000000000000
2.3095000000000	0.20504768895786	-0.020646284008430	50.000000000000	0.00000000000000
2.3150000000000	0.19807665761038	-0.013904242656941	50.000000000000	0.00000000000000
2.3205000000000	0.19151835496994	-0.0070179763955692	50.000000000000	0.00000000000000
2.3260000000000	0.18537692779091	-2.1523044175251e-005	50.000000000000	0.00000000000000
2.3315000000000	0.17965344098207	0.0070504085649377	50.000000000000	0.00000000000000
2.3370000000000	0.17434577046101	0.014162716920627	50.000000000000	0.00000000000000
2.3425000000000	0.16944852211947	0.021280197432975	50.000000000000	0.00000000000000
2.3480000000000	0.16495297740941	0.028367840188896	50.000000000000	0.00000000000000
2.3535000000000	0.16084706551200	0.035391132839729	50.000000000000	0.00000000000000
2.3590000000000	0.15711536153012	0.042316365800993	50.000000000000	0.00000000000000
2.3645000000000	0.15373910967136	0.049110937261337	50.000000000000	0.00000000000000
2.3700000000000	0.15069626998746	0.055743655920043	50.000000000000	0.00000000000000
2.3750000000000	0.14819818507946	0.061608104074108	50.000000000000	0.00000000000000
2.3755000000000	0.14796158692880	0.062185039889339	50.000000000000	0.00000000000000
2.3810000000000	0.14550667777988	0.068407610794087	50.000000000000	0.00000000000000
2.3865000000000	0.14330013898248	0.074386182759332	50.000000000000	0.00000000000000
2.3920000000000	0.14130766844397	0.080098146675077	50.000000000000	0.00000000000000
2.3975000000000	0.13949220218443	0.085523750844266	50.000000000000	0.00000000000000
2.4030000000000	0.13781406411048	0.090646379828653	50.000000000000	0.00000000000000
2.4085000000000	0.13623112832959	0.095452833979624	50.000000000000	0.00000000000000
2.4140000000000	0.13469899424616	0.099933612745226	50.000000000000	0.00000000000000
2.4195000000000	0.13317117572151	0.10408320534429	50.000000000000	0.00000000000000
2.4250000000000	0.13159930684363	0.10790039275078	50.000000000000	0.00000000000000
2.4305000000000	0.12993336834686	0.11138856508553	50.000000000000	0.00000000000000
2.4360000000000	0.12812194045199	0.11455605840602	50.000000000000	0.00000000000000
2.4415000000000	0.12611248986183	0.11741651444189	50.000000000000	0.00000000000000
2.4470000000000	0.12385170083438	0.11998926595052	50.000000000000	0.00000000000000
2.4500000000000	0.12249340220878	0.12128015714888	50.000000000000	0.00000000000000
2.4525000000000	0.12128586263554	0.12229974895018	50.000000000000	0.00000000000000
2.4580000000000	0.11836132818986	0.12437994099172	50.000000000000	0.00000000000000
2.4635000000000	0.11502506130563	0.12626882169460	50.000000000000	0.00000000000000
2.4690000000000	0.11122529229841	0.12801284782364	50.000000000000	0.00000000000000
2.4745000000000	0.10691230394750	0.12966643002955	50.000000000000	0.00000000000000
2.4800000000000	0.10203937116808	0.13129239184047	50.000000000000	0.00000000000000
2.4855000000000	0.096563878118973	0.13296238342799	50.000000000000	0.00000000000000
2.4910000000000	0.090448635097202	0.13475721301580	50.000000000000	0.00000000000000
2.4965000000000	0.083663413744390	0.13676704763558	50.000000000000	0.00000000000000
2.5020000000000	0.076186711896822	0.13909142257652	50.000000000000	0.00000000000000
2.5075000000000	0.068007747825570	0.14183898598181	50.000000000000	0.00000000000000
2.5130000000000	0.059128666577362	0.14512689274438	50.000000000000	0.00000000000000
2.5185000000000	0.049566917710662	0.14907975186893	50.000000000000	0.00000000000000
2.5240000000000	0.039357733371477	0.15382802621227	50.000000000000	0.00000000000000
2.5250000000000	0.037435946246985	0.15478725271440	50.000000000000	0.00000000000000
2.5295000000000	0.028556598546821	0.15950578611114	50.000000000000	0.00000000000000
2.5350000000000	0.017241562821613	0.16624773255219	50.000000000000	0.00000000000000
2.5405000000000	0.0055151980615016	0.17418543514062	50.000000000000	0.00000000000000
2.5460000000000	-0.0064940357463410	0.18344277863445	50.000000000000	0.00000000000000
2.5515000000000	-0.018631286350469	0.19413068121640	50.000000000000	0.00000000000000
2.5570000000000	-0.030715949222840	0.20634123719687	50.000000000000	0.00000000000000
2.5625000000000	-0.042543716717126	0.22014154154666	50.000000000000	0.00000000000000
2.5680000000000	-0.053890244414889	0.23556756336051	50.000000000000	0.00000000000000
2.5735000000000	-0.064516539842041	0.25261853434436	50.000000000000	0.00000000000000
2.5790000000000	-0.074176030520795	0.27125238662917	50.000000000000	0.00000000000000
2.5845000000000	-0.082623084549528	0.29138279019848	50.000000000000	0.00000000000000
2.5900000000000	-0.089622558114091	0.31287828591972	50.000000000000	0.00000000000000
2.5955000000000	-0.094959760456143	0.33556387662520	50.000000000000	0.00000000000000
2.6010000000000	-0.098450092617712	0.35922523111639	50.000000000000	0.00000000000000
2.6065000000000	-0.099947563887310	0.38361539623962	50.000000000000	0.00000000000000
2.6120000000000	-0.099351440197637	0.40846363703138	50.000000000000	0.00000000000000
2.6175000000000	-0.096610434269970	0.43348577939323	50.000000000000	0.00000000000000
2.6230000000000	-0.091724089203635	0.45839525712636	50.000000000000	0.00000000000000
2.6285000000000	-0.084741298083306	0.48291399633084	50.000000000000	0.00000000000000
2.6340000000000	-0.075756194354812	0.50678231580593	50.000000000000	0.00000000000000
2.6395000000000	-0.064901894497902	0.52976717021368	50.000000000000	0.00000000000000
2.6450000000000	-0.052342740786649	0.55166828264282	50.000000000000	0.00000000000000
2.6505000000000	-0.038265760979844	0.57232196378133	50.000000000000	0.00000000000000
2.6560000000000	-0.022872036671128	0.59160265499551	50.000000000000	0.00000000000000
2.6615000000000	-0.0063685717707120	0.60942242957691	50.000000000000	0.00000000000000
2.6670000000000	0.011038894705952	0.62572882114782	50.000000000000	0.00000000000000
2.6725000000000	0.029151852027524	0.64050141592762	50.000000000000	0.00000000000000
2.6780000000000	0.047783634565620	0.65374765316621	50.000000000000	0.00000000000000
2.6835000000000	0.066762700712297	0.66549823976541	50.000000000000	0.00000000000000
2.6890000000000	0.085934679799803	0.67580251782492	50.000000000000	0.00000000000000
2.6945000000000	0.10516335453502	0.68472404349351	50.000000000000	0.00000000000000
2.7000000000000	0.12433077624484	0.69233655477115	50.000000000000	0.00000000000000
2.7055000000000	0.14333671483940	0.69872043340899	50.000000000000	0.00000000000000
2.7110000000000	0.16209763235587	0.70395970649036	50.000000000000	0.00000000000000
2.7165000000000	0.18054534524784	0.70813958819532	50.000000000000	0.00000000000000
2.7220000000000	0.19862551196118	0.71134453101621	50.000000000000	0.00000000000000
2.7275000000000	0.21629605298519	0.71365673639501	50.000000000000	0.00000000000000
2.7330000000000	0.23352558322493	0.71515506494963	50.000000000000	0.00000000000000
2.7385000000000	0.25029191273130	0.71591428366314	50.000000000000	0.00000000000000
2.7440000000000	0.26658065217107	0.71600458940577	50.000000000000	0.00000000000000
2.7495000000000	0.28238394392892	0.71549135311968	50.000000000000	0.00000000000000
2.7550000000000	0.29769932805092	0.71443503553002	50.000000000000	0.00000000000000
2.7605000000000	0.31252874382394	0.71289123235236	50.000000000000	0.00000000000000
2.7660000000000	0.32687766204169	0.71091081398100	50.000000000000	0.00000000000000
2.7715000000000	0.34075433935961	0.70854013115683	50.000000000000	0.00000000000000
2.7770000000000	0.35416918407392	0.70582126391118	50.000000000000	0.00000000000000
2.7825000000000	0.36713422174446	0.70279229607666	50.000000000000	0.00000000000000
2.7880000000000	0.37966264896762	0.69948760185150	50.000000000000	0.00000000000000
2.7935000000000	0.39176846402501	0.69593813434990	50.000000000000	0.00000000000000
2.7990000000000	0.40346616388030	0.69217170884988	50.000000000000	0.00000000000000
2.8045000000000	0.41477049792580	0.68821327565111	50.000000000000	0.00000000000000
2.8100000000000	0.42569626988323	0.68408517916962	50.000000000000	0.00000000000000
2.8155000000000	0.43625818027167	0.67980740120905	50.000000000000	0.00000000000000
2.8210000000000	0.44647070282410	0.67539778733515	50.000000000000	0.00000000000000
2.8265000000000	0.45634798913333	0.67087225600605	50.000000000000	0.00000000000000
2.8320000000000	0.46590379662620	0.66624499063274	50.000000000000	0.00000000000000
2.8375000000000	0.47515143569456	0.66152861510521	50.000000000000	0.00000000000000
2.8430000000000	0.48410373245677	0.65673435356120	50.000000000000	0.00000000000000
2.8485000000000	0.49277300418234	0.65187217531929	50.000000000000	0.00000000000000
2.8540000000000	0.50117104489883	0.64695092598006	50.000000000000	0.00000000000000
2.8595000000000	0.50930911911624	0.64197844572627	50.000000000000	0.00000000000000
2.8650000000000	0.51719796195866	0.63696167584698	50.000000000000	0.00000000000000
2.8705000000000	0.52484778429607	0.63190675448186	50.000000000000	0.00000000000000
2.8760000000000	0.53226828172393	0.62681910253300	50.000000000000	0.00000000000000
2.8815000000000	0.53946864645387	0.62170350063915	50.000000000000	0.00000000000000
2.8870000000000	0.54645758135991	0.61656415804562	50.000000000000	0.00000000000000
2.8925000000000	0.55324331557699	0.61140477414386	50.000000000000	0.00000000000000
2.8980000000000	0.55983362117310	0.60622859339422	50.000000000000	0.00000000000000
2.9035000000000	0.56623583052268	0.60103845429106	50.000000000000	0.00000000000000
2.9090000000000	0.57245685409311	0.59583683297632	50.000000000000	0.00000000000000
2.9145000000000	0.57850319842527	0.59062588206113	50.000000000000	0.00000000000000
2.9200000000000	0.58438098414338	0.58540746517218	50.000000000000	0.00000000000000
2.9255000000000	0.59009596387070	0.58018318770065	50.000000000000	0.00000000000000
2.9310000000000	0.59565353995780	0.57495442419599	50.000000000000	0.00000000000000
2.9365000000000	0.60105878195016	0.56972234281405	50.000000000000	0.00000000000000
2.9420000000000	0.60631644373457	0.56448792719626	50.000000000000	0.00000000000000
2.9475000000000	0.61143098030912	0.55925199612589	50.000000000000	0.00000000000000
2.9530000000000	0.61640656412271	0.55401522127430	50.000000000000	0.00000000000000
2.9585000000000	0.62124710092826	0.54877814331723	50.000000000000	0.00000000000000
2.9640000000000	0.62595624509101	0.54354118666637	50.000000000000	0.00000000000000
2.9695000000000	0.63053741429107	0.53830467302615	50.000000000000	0.00000000000000
2.9750000000000	0.63499380355960	0.53306883394930	50.000000000000	0.00000000000000
2.9805000000000	0.63932839859088	0.52783382253031	50.000000000000	0.00000000000000
2.9860000000000	0.64354398827987	0.52259972434226	50.000000000000	0.00000000000000
2.9915000000000	0.64764317644479	0.51736656769230	50.000000000000	0.00000000000000
2.9970000000000	0.65162839270883	0.51213433324626	50.000000000000	0.00000000000000
3.0025000000000	0.65550190253064	0.50690296305153	50.000000000000	0.00000000000000
3.0080000000000	0.65926581639078	0.50167236897282	50.000000000000	0.00000000000000
3.0135000000000	0.66292209815865	0.49644244054683	50.000000000000	0.00000000000000
3.0190000000000	0.66647257267963	0.49121305225732	50.000000000000	0.00000000000000
3.0245000000000	0.66991893263647	0.48598407023339	50.000000000000	0.00000000000000
3.0300000000000	0.67326274474785	0.48075535837689	50.000000000000	0.00000000000000
3.0355000000000	0.67650545537507	0.47552678393268	50.000000000000	0.00000000000000
3.0410000000000	0.67964839560968	0.47029822252206	50.000000000000	0.00000000000000
3.0465000000000	0.68269278591579	0.46506956266796	50.000000000000	0.00000000000000
3.0520000000000	0.68563974039688	0.45984070984706	50.000000000000	0.00000000000000
3.0575000000000	0.68849027075183	0.45461159010995	50.000000000000	0.00000000000000
3.0630000000000	0.69124528997886	0.44938215331548	50.000000000000	0.00000000000000
3.0685000000000	0.69390561587790	0.44415237602604	50.000000000000	0.00000000000000
3.0740000000000	0.69647197439398	0.43892226411235	50.000000000000	0.00000000000000
3.0795000000000	0.69894500283782	0.43369185511594	50.000000000000	0.00000000000000
3.0850000000000	0.70132525301176	0.42846122041323	50.000000000000	0.00000000000000
3.0905000000000	0.70361319426371	0.42323046722442	50.000000000000	0.00000000000000
3.0960000000000	0.70580921648710	0.41799974050459	50.000000000000	0.00000000000000
3.1015000000000	0.70791363307998	0.41276922475178	50.000000000000	0.00000000000000
3.1070000000000	0.70992668387433	0.40753914576065	50.000000000000	0.00000000000000
3.1125000000000	0.71184853804358	0.40230977234807	50.000000000000	0.00000000000000
3.1180000000000	0.71367929699588	0.39708141807124	50.000000000000	0.00000000000000
3.1235000000000	0.71541899725903	0.39185444295568	50.000000000000	0.00000000000000
3.1290000000000	0.71706761336347	0.38662925524731	50.000000000000	0.00000000000000
3.1345000000000	0.71862506072942	0.38140631319910	50.000000000000	0.00000000000000
3.1400000000000	0.72009119856513	0.37618612690024	50.000000000000	0.00000000000000
3.1455000000000	0.72146583278317	0.37096926015358	50.000000000000	0.00000000000000
3.1510000000000	0.72274871894348	0.36575633240457	50.000000000000	0.00000000000000
3.1565000000000	0.72393956523165	0.36054802072347	50.000000000000	0.00000000000000
3.1620000000000	0.72503803548232	0.35534506184054	50.000000000000	0.00000000000000
3.1675000000000	0.72604375225854	0.35014825423287	50.000000000000	0.00000000000000
3.1730000000000	0.72695629999799	0.34495846025975	50.000000000000	0.00000000000000
3.1785000000000	0.72777522823850	0.33977660834273	50.000000000000	0.00000000000000
3.1840000000000	0.72850005493512	0.33460369518476	50.000000000000	0.00000000000000
3.1895000000000	0.72913026988222	0.32944078802220	50.000000000000	0.00000000000000
3.1950000000000	0.72966533825396	0.32428902690186	50.000000000000	0.00000000000000
3.2005000000000	0.73010470427704	0.31914962697437	50.000000000000	0.00000000000000
3.2060000000000	0.73044779504995	0.31402388079382	50.000000000000	0.00000000000000
3.2115000000000	0.73069402452279	0.30891316061242	50.000000000000	0.00000000000000
3.2170000000000	0.73084279765194	0.30381892065738	50.000000000000	0.00000000000000
3.2225000000000	0.73089351474356	0.29874269937625	50.000000000000	0.00000000000000
3.2280000000000	0.73084557599986	0.29368612163488	50.000000000000	0.00000000000000
3.2335000000000	0.73069838628133	0.28865090085119	50.000000000000	0.00000000000000
3.2390000000000	0.73045136009795	0.28363884104596	50.000000000000	0.00000000000000
3.2445000000000	0.73010392684141	0.27865183879001	50.000000000000	0.00000000000000
3.2500000000000	0.72965553626962	0.27369188502603	50.000000000000	0.00000000000000
3.2555000000000	0.72910566425345	0.26876106674034	50.000000000000	0.00000000000000
3.2610000000000	0.72845381879487	0.26386156845947	50.000000000000	0.00000000000000
3.2665000000000	0.72769954632335	0.25899567354288	50.000000000000	0.00000000000000
3.2720000000000	0.72684243827649	0.25416576524257	50.000000000000	0.00000000000000
3.2775000000000	0.72588213796799	0.24937432749769	50.000000000000	0.00000000000000
3.2830000000000	0.72481834774430	0.24462394543025	50.000000000000	0.00000000000000
3.2885000000000	0.72365083642852	0.23991730550686	50.000000000000	0.00000000000000
3.2940000000000	0.72237944704712	0.23525719532872	50.000000000000	0.00000000000000
3.2995000000000	0.72100410483182	0.23064650301138	50.000000000000	0.00000000000000
3.3050000000000	0.71952482548554	0.22608821611347	50.000000000000	0.00000000000000
3.3105000000000	0.71794172369715	0.22158542007293	50.000000000000	0.00000000000000
3.3160000000000	0.71625502188570	0.21714129610802	50.000000000000	0.00000000000000
3.3215000000000	0.71446505914997	0.21275911853959	50.000000000000	0.00000000000000
3.3270000000000	0.71257230039452	0.20844225149104	50.000000000000	0.00000000000000
3.3325000000000	0.71057734559771	0.20419414492209	50.000000000000	0.00000000000000
3.3380000000000	0.70848093918199	0.20001832995359	50.000000000000	0.00000000000000
3.3435000000000	0.70628397944069	0.19591841344115	50.000000000000	0.00000000000000
3.3490000000000	0.70398752796936	0.19189807175771	50.000000000000	0.00000000000000
3.3545000000000	0.70159281904373	0.18796104374709	50.000000000000	0.00000000000000
3.3600000000000	0.69910126887972	0.18411112281425	50.000000000000	0.00000000000000
3.3655000000000	0.69651448470458	0.18035214812162	50.000000000000	0.00000000000000
3.3710000000000	0.69383427356201	0.17668799486594	50.000000000000	0.00000000000000
3.3765000000000	0.69106265076759	0.17312256361584	50.000000000000	0.00000000000000
3.3820000000000	0.68820184792518	0.16965976869716	50.000000000000	0.00000000000000
3.3875000000000	0.68525432040929	0.16630352562059	50.000000000000	0.00000000000000
3.3930000000000	0.68222275421324	0.16305773755518	50.000000000000	0.00000000000000
3.3985000000000	0.67911007205876	0.15992628086087	50.000000000000	0.00000000000000
3.4040000000000	0.67591943865902	0.15691298970395	50.000000000000	0.00000000000000
3.4095000000000	0.67265426502465	0.15402163979083	50.000000000000	0.00000000000000
3.4150000000000	0.66931821170081	0.15125593126814	50.000000000000	0.00000000000000
3.4205000000000	0.66591519082341	0.14861947085036	50.000000000000	0.00000000000000
3.4260000000000	0.66244936688409	0.14611575324989	50.000000000000	0.00000000000000
3.4315000000000	0.65892515609653	0.14374814199882	50.000000000000	0.00000000000000
3.4370000000000	0.65534722426168	0.14151984976630	50.000000000000	0.00000000000000
3.4425000000000	0.65172048303621	0.13943391828995	50.000000000000	0.00000000000000
3.4480000000000	0.64805008451736	0.13749319805411	50.000000000000	0.00000000000000
3.4535000000000	0.64434141406815	0.13570032786182	50.000000000000	0.00000000000000
3.4590000000000	0.64060008131998	0.13405771446057	50.000000000000	0.00000000000000
3.4645000000000	0.63683190930460	0.13256751239392	50.000000000000	0.00000000000000
3.4700000000000	0.63304292168448	0.13123160426193	50.000000000000	0.00000000000000
3.4755000000000	0.62923932806979	0.13005158158225	50.000000000000	0.00000000000000
3.4810000000000	0.62542750743053	0.12902872645080	50.000000000000	0.00000000000000
3.4865000000000	0.62161398963498	0.12816399420535	50.000000000000	0.00000000000000
3.4920000000000	0.61780543516872	0.12745799729763	50.000000000000	0.00000000000000
3.4975000000000	0.61400861311320	0.12691099057812	50.000000000000	0.00000000000000
3.5030000000000	0.61023037748740	0.12652285819420	50.000000000000	0.00000000000000
3.5085000000000	0.60647764208128	0.12629310229451	50.000000000000	0.00000000000000
3.5140000000000	0.60275735393428	0.12622083372187	50.000000000000	0.00000000000000
3.5195000000000	0.59907646563586	0.12630476486303	50.000000000000	0.00000000000000
3.5250000000000	0.59544190664747	0.12654320480587	50.000000000000	0.00000000000000
3.5305000000000	0.59186055386576	0.12693405693434	50.000000000000	0.00000000000000
3.5360000000000	0.58833920166509	0.12747481906728	50.000000000000	0.00000000000000
3.5415000000000	0.58488453167251	0.12816258622138	50.000000000000	0.00000000000000
3.5470000000000	0.58150308254049	0.12899405604956	50.000000000000	0.00000000000000
3.5525000000000	0.57820121999096	0.12996553697567	50.000000000000	0.00000000000000
3.5580000000000	0.57498510740852	0.13107295901434	50.000000000000	0.00000000000000
3.5635000000000	0.57186067726109	0.13231188723253	50.000000000000	0.00000000000000
3.5690000000000	0.56883360362187	0.13367753777598	50.000000000000	0.00000000000000
3.5745000000000	0.56590927605825	0.13516479635211	50.000000000000	0.00000000000000
3.5800000000000	0.56309277514036	0.13676823902904	50.000000000000	0.00000000000000
3.5855000000000	0.56038884980528	0.13848215518131	50.000000000000	0.00000000000000
3.5910000000000	0.55780189679211	0.14030057238583	50.000000000000	0.00000000000000
3.5965000000000	0.55533594233898	0.14221728304694	50.000000000000	0.00000000000000
3.6020000000000	0.55299462630597	0.14422587250897	50.000000000000	0.00000000000000
3.6075000000000	0.55078118885810	0.14631974839736	50.000000000000	0.00000000000000
3.6130000000000	0.54869845981124	0.14849217091660	50.000000000000	0.00000000000000
3.6185000000000	0.54674885071056	0.15073628382420	50.000000000000	0.00000000000000
3.6240000000000	0.54493434967814	0.15304514579603	50.000000000000	0.00000000000000
3.6295000000000	0.54325651903239	0.15541176189830	50.000000000000	0.00000000000000
3.6350000000000	0.54171649564948	0.15782911488579	50.000000000000	0.00000000000000
3.6405000000000	0.54031499400531	0.16029019605506	50.000000000000	0.00000000000000
3.6460000000000	0.53905231180662	0.16278803539321	50.000000000000	0.00000000000000
3.6515000000000	0.53792833809279	0.16531573077938	50.000000000000	0.00000000000000
3.6570000000000	0.53694256366492	0.16786647601471	50.000000000000	0.00000000000000
3.6625000000000	0.53609409367726	0.17043358747860	50.000000000000	0.00000000000000
3.6680000000000	0.53538166220783	0.17301052923235	50.000000000000	0.00000000000000
3.6735000000000	0.53480364861059	0.17559093641698	50.000000000000	0.00000000000000
3.6790000000000	0.53435809543997	0.17816863681808	50.000000000000	0.00000000000000
3.6845000000000	0.53404272773149	0.18073767049699	50.000000000000	0.00000000000000
3.6900000000000	0.53385497341824	0.18329230741510	50.000000000000	0.00000000000000
3.6955000000000	0.53379198466196	0.18582706300320	50.000000000000	0.00000000000000
3.7010000000000	0.53385065988080	0.18833671165399	50.000000000000	0.00000000000000
3.7065000000000	0.53402766626071	0.19081629813905	50.000000000000	0.00000000000000
3.7120000000000	0.53431946254569	0.19326114697435	50.000000000000	0.00000000000000
3.7175000000000	0.53472232191285	0.19566686977859	50.000000000000	0.00000000000000
3.7230000000000	0.53523235474989	0.19802937068667	50.000000000000	0.00000000000000
3.7285000000000	0.53584553116697	0.20034484989730	50.000000000000	0.00000000000000
3.7340000000000	0.53655770308963	0.20260980544667	50.000000000000	0.00000000000000
3.7395000000000	0.53736462579545	0.20482103331229	50.000000000000	0.00000000000000
3.7450000000000	0.53826197877340	0.20697562595961	50.000000000000	0.00000000000000
3.7505000000000	0.53924538580135	0.20907096945102	50.000000000000	0.00000000000000
3.7560000000000	0.54031043415383	0.21110473924184	50.000000000000	0.00000000000000
3.7615000000000	0.54145269286807	0.21307489478990	50.000000000000	0.00000000000000
3.7670000000000	0.54266773001204	0.21497967310682	50.000000000000	0.00000000000000
3.7725000000000	0.54395112891297	0.21681758137767	50.000000000000	0.00000000000000
3.7780000000000	0.54529850331884	0.21858738877364	50.000000000000	0.00000000000000
3.7835000000000	0.54670551147830	0.22028811757847	50.000000000000	0.00000000000000
3.7890000000000	0.54816786913619	0.22191903374465	50.000000000000	0.00000000000000
3.7945000000000	0.54968136145274	0.22347963698965	50.000000000000	0.00000000000000
3.8000000000000	0.55124185386395	0.22496965053588	50.000000000000	0.00000000000000
3.8055000000000	0.55284530190915	0.22638901059117	50.000000000000	0.00000000000000
3.8110000000000	0.55448776005887	0.22773785565891	50.000000000000	0.00000000000000
3.8165000000000	0.55616538958223	0.22901651575914	50.000000000000	0.00000000000000
3.8220000000000	0.55787446549817	0.23022550163448	50.000000000000	0.00000000000000
3.8275000000000	0.55961138265890	0.23136549400621	50.000000000000	0.00000000000000
3.8330000000000	0.56137266101665	0.23243733293832	50.000000000000	0.00000000000000
3.8385000000000	0.56315495012747	0.23344200735983	50.000000000000	0.00000000000000
3.8440000000000	0.56495503294670	0.23438064478778	50.000000000000	0.00000000000000
3.8495000000000	0.56676982897167	0.23525450128648	50.000000000000	0.00000000000000
3.8550000000000	0.56859639678696	0.23606495169178	50.000000000000	0.00000000000000
3.8605000000000	0.57043193606708	0.23681348012232	50.000000000000	0.00000000000000
3.8660000000000	0.57227378908999	0.23750167079418	50.000000000000	0.00000000000000
3.8715000000000	0.57411944181371	0.23813119914927	50.000000000000	0.00000000000000
3.8770000000000	0.57596652456593	0.23870382330270	50.000000000000	0.00000000000000
3.8825000000000	0.57781281239426	0.23922137580963	50.000000000000	0.00000000000000
3.8880000000000	0.57965622512238	0.23968575574755	50.000000000000	0.00000000000000
3.8935000000000	0.58149482715424	0.24009892110591	50.000000000000	0.00000000000000
3.8990000000000	0.58332682706559	0.24046288147159	50.000000000000	0.00000000000000
3.9045000000000	0.58515057701882	0.24077969099508	50.000000000000	0.00000000000000
3.9100000000000	0.58696457203373	0.24105144161972	50.000000000000	0.00000000000000
3.9155000000000	0.58876744914358	0.24128025655355	50.000000000000	0.00000000000000
3.9210000000000	0.59055798646180	0.24146828396116	50.000000000000	0.00000000000000
3.9265000000000	0.59233510218164	0.24161769085103	50.000000000000	0.00000000000000
3.9320000000000	0.59409785352663	0.24173065713238	50.000000000000	0.00000000000000
3.9375000000000	0.59584543566670	0.24180936981393	50.000000000000	0.00000000000000
3.9430000000000	0.59757718061023	0.24185601731652	50.000000000000	0.00000000000000
3.9485000000000	0.59929255607879	0.24187278387023	50.000000000000	0.00000000000000
3.9540000000000	0.60099116436726	0.24186184396681	50.000000000000	0.00000000000000
3.9595000000000	0.60267274118800	0.24182535683783	50.000000000000	0.00000000000000
3.9650000000000	0.60433715449342	0.24176546092938	50.000000000000	0.00000000000000
3.9705000000000	0.60598440326754	0.24168426834467	50.000000000000	0.00000000000000
3.9760000000000	0.60761461627255	0.24158385922686	50.000000000000	0.00000000000000
3.9815000000000	0.60922805073255	0.24146627605594	50.000000000000	0.00000000000000
3.9870000000000	0.61082509093203	0.24133351783499	50.000000000000	0.00000000000000
3.9925000000000	0.61240624670271	0.24118753414372	50.000000000000	0.00000000000000
3.9980000000000	0.61397215176810	0.24103021903945	50.000000000000	0.00000000000000
4.0035000000000	0.61552356191103	0.24086340478951	50.000000000000	0.00000000000000
4.0090000000000	0.61706135292545	0.24068885542223	50.000000000000	0.00000000000000
4.0145000000000	0.61858651830994	0.24050826008841	50.000000000000	0.00000000000000
4.0200000000000	0.62010016665710	0.24032322623016	50.000000000000	0.00000000000000
4.0255000000000	0.62160351868940	0.24013527255944	50.000000000000	0.00000000000000
4.0310000000000	0.62309790388973	0.23994582185503	50.000000000000	0.00000000000000
4.0365000000000	0.62458475667239	0.23975619359381	50.000000000000	0.00000000000000
4.0420000000000	0.62606561203890	0.23956759643955	50.000000000000	0.00000000000000
4.0475000000000	0.62754210066202	0.23938112062078	50.000000000000	0.00000000000000
4.0530000000000	0.62901594334191	0.23919773023846	50.000000000000	0.00000000000000
4.0585000000000	0.63048894477911	0.23901825555307	50.000000000000	0.00000000000000
4.0640000000000	0.63196298661186	0.23884338531107	50.000000000000	0.00000000000000
4.0695000000000	0.63344001966893	0.23867365918032	50.000000000000	0.00000000000000
4.0750000000000	0.63492205539452	0.23850946037486	50.000000000000	0.00000000000000
4.0805000000000	0.63641115640867	0.23835100855911	50.000000000000	0.00000000000000
4.0860000000000	0.63790942617543	0.23819835313203	50.000000000000	0.00000000000000
4.0915000000000	0.63941899776170	0.23805136700087	50.000000000000	0.00000000000000
4.0970000000000	0.64094202168172	0.23790974096274	50.000000000000	0.00000000000000
4.1025000000000	0.64248065283699	0.23777297881974	50.000000000000	0.00000000000000
4.1080000000000	0.64403703657731	0.23764039335926	50.000000000000	0.00000000000000
4.1135000000000	0.64561329392642	0.23751110333465	50.000000000000	0.00000000000000
4.1190000000000	0.64721150603551	0.23738403158385	50.000000000000	0.00000000000000
4.1245000000000	0.64883369794822	0.23725790442166	50.000000000000	0.00000000000000
4.1300000000000	0.65048182178256	0.23713125243810	50.000000000000	0.00000000000000
4.1355000000000	0.65215773945731	0.23700241282744	50.000000000000	0.00000000000000
4.1410000000000	0.65386320511268	0.23686953336172	50.000000000000	0.00000000000000
4.1465000000000	0.65559984739634	0.23673057810772	50.000000000000	0.00000000000000
4.1520000000000	0.65736915180647	0.23658333496800	50.000000000000	0.00000000000000
4.1575000000000	0.65917244330175	0.23642542510360	50.000000000000	0.00000000000000
4.1630000000000	0.66101086940379	0.23625431427035	50.000000000000	0.00000000000000
4.1685000000000	0.66288538402996	0.23606732607093	50.000000000000	0.00000000000000
4.1740000000000	0.66479673230257	0.23586165709233	50.000000000000	0.00000000000000
4.1795000000000	0.66674543658373	0.23563439386341	50.000000000000	0.00000000000000
4.1850000000000	0.66873178398318	0.23538253153112	50.000000000000	0.00000000000000
4.1905000000000	0.67075581557862	0.23510299411633	50.000000000000	0.00000000000000
4.1960000000000	0.67281731757422	0.23479265617393	50.000000000000	0.00000000000000
4.2015000000000	0.67491581460268	0.23444836564580	50.000000000000	0.00000000000000
4.2070000000000	0.67705056535053	0.23406696766279	50.000000000000	0.00000000000000
4.2125000000000	0.67922056065380	0.23364532902211	50.000000000000	0.00000000000000
4.2180000000000	0.68142452417497	0.23318036304229	50.000000000000	0.00000000000000
4.2235000000000	0.68366091572989	0.23266905447843	50.000000000000	0.00000000000000
4.2290000000000	0.68592793728886	0.23210848416871	50.000000000000	0.00000000000000
4.2345000000000	0.68822354162906	0.23149585307734	50.000000000000	0.00000000000000
4.2400000000000	0.69054544356702	0.23082850540188	50.000000000000	0.00000000000000
4.2455000000000	0.69289113365240	0.23010395042316	50.000000000000	0.00000000000000
4.2510000000000	0.69525789415839	0.22931988279353	50.000000000000	0.00000000000000
4.2565000000000	0.69764281716140	0.22847420098502	50.000000000000	0.00000000000000
4.2620000000000	0.70004282446410	0.22756502365019	50.000000000000	0.00000000000000
4.2675000000000	0.70245468908366	0.22659070368684	50.000000000000	0.00000000000000
4.2730000000000	0.70487505800056	0.22554983983960	50.000000000000	0.00000000000000
4.2785000000000	0.70730047584445	0.22444128571757	50.000000000000	0.00000000000000
4.2840000000000	0.70972740918258	0.22326415615492	50.000000000000	0.00000000000000
4.2895000000000	0.71215227107249	0.22201783089015	50.000000000000	0.00000000000000
4.2950000000000	0.71457144554555	0.22070195558729	50.000000000000	0.00000000000000
4.3005000000000	0.71698131169921	0.21931644026846	50.000000000000	0.00000000000000
4.3060000000000	0.71937826709457	0.21786145526965	50.000000000000	0.00000000000000
4.3115000000000	0.72175875018056	0.21633742486963	50.000000000000	0.00000000000000
4.3170000000000	0.72411926149484	0.21474501877567	50.000000000000	0.00000000000000
4.3225000000000	0.72645638342567	0.21308514167630	50.000000000000	0.00000000000000
4.3280000000000	0.72876679835450	0.21135892109334	50.000000000000	0.00000000000000
4.3335000000000	0.73104730503714	0.20956769377997	50.000000000000	0.00000000000000
4.3390000000000	0.73329483311931	0.20771299092019	50.000000000000	0.00000000000000
4.3445000000000	0.73550645572041	0.20579652238819	50.000000000000	0.00000000000000
4.3500000000000	0.73767940005494	0.20382016032249	50.000000000000	0.00000000000000
4.3555000000000	0.73981105609563	0.20178592226257	50.000000000000	0.00000000000000
4.3610000000000	0.74189898331255	0.19969595408280	50.000000000000	0.00000000000000
4.3665000000000	0.74394091555052	0.19755251294278	50.000000000000	0.00000000000000
4.3720000000000	0.74593476413066	0.19535795045450	50.000000000000	0.00000000000000
4.3775000000000	0.74787861928152	0.19311469624542	50.000000000000	0.00000000000000
4.3830000000000	0.74977075002131	0.19082524207478	50.000000000000	0.00000000000000
4.3885000000000	0.75160960262429	0.18849212663685	50.000000000000	0.00000000000000
4.3940000000000	0.75339379781262	0.18611792116221	50.000000000000	0.00000000000000
4.3995000000000	0.75512212681927	0.18370521590533	50.000000000000	0.00000000000000
4.4050000000000	0.75679354646933	0.18125660758489	50.000000000000	0.00000000000000
4.4105000000000	0.75840717342526	0.17877468782334	50.000000000000	0.00000000000000
4.4160000000000	0.75996227773800	0.17626203261272	50.000000000000	0.00000000000000
4.4215000000000	0.76145827583998	0.17372119281742	50.000000000000	0.00000000000000
4.4270000000000	0.76289472310857	0.17115468570893	50.000000000000	0.00000000000000
4.4325000000000	0.76427130611980	0.16856498751479	50.000000000000	0.00000000000000
4.4380000000000	0.76558783470265	0.16595452695265	50.000000000000	0.00000000000000
4.4435000000000	0.76684423389401	0.16332567971099	50.000000000000	0.00000000000000
4.4490000000000	0.76804053588413	0.16068076383087	50.000000000000	0.00000000000000
4.4545000000000	0.76917687203163	0.15802203593710	50.000000000000	0.00000000000000
4.4600000000000	0.77025346501733	0.15535168826316	50.000000000000	0.00000000000000
4.4655000000000	0.77127062119580	0.15267184641136	50.000000000000	0.00000000000000
4.4710000000000	0.77222872319438	0.14998456778846	50.000000000000	0.00000000000000
4.4765000000000	0.77312822280042	0.14729184065609	50.000000000000	0.00000000000000
4.4820000000000	0.77396963416942	0.14459558373627	50.000000000000	0.00000000000000
4.4875000000000	0.77475352737910	0.14189764631331	50.000000000000	0.00000000000000
4.4930000000000	0.77548052234778	0.13919980877530	50.000000000000	0.00000000000000
4.4985000000000	0.77615128312932	0.13650378354091	50.000000000000	0.00000000000000
4.5040000000000	0.77676651259147	0.13381121631973	50.000000000000	0.00000000000000
4.5095000000000	0.77732694748005	0.13112368765766	50.000000000000	0.00000000000000
4.5150000000000	0.77783335386697	0.12844271472189	50.000000000000	0.00000000000000
4.5205000000000	0.77828652297715	0.12576975328331	50.000000000000	0.00000000000000
4.5260000000000	0.77868726738613	0.12310619985756	50.000000000000	0.00000000000000
4.5315000000000	0.77903641757809	0.12045339396916	50.000000000000	0.00000000000000
4.5370000000000	0.77933481885217	0.11781262050633	50.000000000000	0.00000000000000
4.5425000000000	0.77958332856315	0.11518511213727	50.000000000000	0.00000000000000
4.5480000000000	0.77978281368202	0.11257205176157	50.000000000000	0.00000000000000
4.5535000000000	0.77993414866070	0.10997457497314	50.000000000000	0.00000000000000
4.5590000000000	0.78003821358489	0.10739377251387	50.000000000000	0.00000000000000
4.5645000000000	0.78009589259885	0.10483069269923	50.000000000000	0.00000000000000
4.5700000000000	0.78010807258562	0.10228634379980	50.000000000000	0.00000000000000
4.5755000000000	0.78007564208647	0.099761696364324	50.000000000000	0.00000000000000
4.5810000000000	0.77999949044346	0.097257685471939	50.000000000000	0.00000000000000
4.5865000000000	0.77988050714950	0.094775212902902	50.000000000000	0.00000000000000
4.5920000000000	0.77971958139038	0.092315149218637	50.000000000000	0.00000000000000
4.5975000000000	0.77951760176410	0.089878335743297	50.000000000000	0.00000000000000
4.6030000000000	0.77927545616304	0.087465586440224	50.000000000000	0.00000000000000
4.6085000000000	0.77899403180515	0.085077689677791	50.000000000000	0.00000000000000
4.6140000000000	0.77867421540072	0.082715409880039	50.000000000000	0.00000000000000
4.6195000000000	0.77831689344220	0.080379489058360	50.000000000000	0.00000000000000
4.6250000000000	0.77792295260452	0.078070648221219	50.000000000000	0.00000000000000
4.6305000000000	0.77749328024420	0.075789588659520	50.000000000000	0.00000000000000
4.6360000000000	0.77702876498604	0.073536993105781	50.000000000000	0.00000000000000
4.6415000000000	0.77653029738636	0.071313526765859	50.000000000000	0.00000000000000
4.6470000000000	0.77599877066229	0.069119838222212	50.000000000000	0.00000000000000
4.6525000000000	0.77543508147712	0.066956560208278	50.000000000000	0.00000000000000
4.6580000000000	0.77484013077173	0.064824310253749	50.000000000000	0.00000000000000
4.6635000000000	0.77421482463276	0.062723691200876	50.000000000000	0.00000000000000
4.6690000000000	0.77356007518797	0.060655291592229	50.000000000000	0.00000000000000
4.6745000000000	0.77287680152022	0.058619685930650	50.000000000000	0.00000000000000
4.6800000000000	0.77216593059060	0.056617434812279	50.000000000000	0.00000000000000
4.6855000000000	0.77142839816243	0.054649084934024	50.000000000000	0.00000000000000
4.6910000000000	0.77066514971746	0.052715168976784	50.000000000000	0.00000000000000
4.6965000000000	0.76987714135553	0.050816205366398	50.000000000000	0.00000000000000
4.7020000000000	0.76906534066956	0.048952697914299	50.000000000000	0.00000000000000
4.7075000000000	0.76823072758736	0.047125135340284	50.000000000000	0.00000000000000
4.7130000000000	0.76737429517198	0.045333990680097	50.000000000000	0.00000000000000
4.7185000000000	0.76649705037247	0.043579720581064	50.000000000000	0.00000000000000
4.7240000000000	0.76560001471650	0.041862764489103	50.000000000000	0.00000000000000
4.7295000000000	0.76468422493722	0.040183543731062	50.000000000000	0.00000000000000
4.7350000000000	0.76375073352586	0.038542460496929	50.000000000000	0.00000000000000
4.7405000000000	0.76280060920224	0.036939896726470	50.000000000000	0.00000000000000
4.7460000000000	0.76183493729544	0.035376212905920	50.000000000000	0.00000000000000
4.7515000000000	0.76085482002663	0.033851746780577	50.000000000000	0.00000000000000
4.7570000000000	0.75986137668695	0.032366811989624	50.000000000000	0.00000000000000
4.7625000000000	0.75885574370264	0.030921696630556	50.000000000000	0.00000000000000
4.7680000000000	0.75783907458092	0.029516661760670	50.000000000000	0.00000000000000
4.7735000000000	0.75681253972948	0.028151939844020	50.000000000000	0.00000000000000
4.7790000000000	0.75577732614375	0.026827733152895	50.000000000000	0.00000000000000
4.7845000000000	0.75473463695578	0.025544212133253	50.000000000000	0.00000000000000
4.7900000000000	0.75368569083969	0.024301513744592	50.000000000000	0.00000000000000
4.7955000000000	0.75263172126896	0.023099739784896	50.000000000000	0.00000000000000
4.8010000000000	0.75157397562162	0.021938955212395	50.000000000000	0.00000000000000
4.8065000000000	0.75051371413026	0.020819186475917	50.000000000000	0.00000000000000
4.8120000000000	0.74945220867431	0.019740419866702	50.000000000000	0.00000000000000
4.8175000000000	0.74839074141342	0.018702599904578	50.000000000000	0.00000000000000
4.8230000000000	0.74733060326150	0.017705627772003	50.000000000000	0.00000000000000
4.8285000000000	0.74627309220195	0.016749359809903	50.000000000000	0.00000000000000
4.8340000000000	0.74521951144621	0.015833606089288	50.000000000000	0.00000000000000
4.8395000000000	0.74417116743841	0.014958129072989	50.000000000000	0.00000000000000
4.8450000000000	0.74312936771069	0.014122642381769	50.000000000000	0.00000000000000
4.8505000000000	0.74209541859459	0.013326809679107	50.000000000000	0.00000000000000
4.8560000000000	0.74107062279569	0.012570243688672	50.000000000000	0.00000000000000
4.8615000000000	0.74005627683978	0.011852505358323	50.000000000000	0.00000000000000
4.8670000000000	0.73905366840024	0.011173103183690	50.000000000000	0.00000000000000
4.8725000000000	0.73806407351770	0.010531492704440	50.000000000000	0.00000000000000
4.8780000000000	0.73708875372453	0.0099270761846211	50.000000000000	0.00000000000000
4.8835000000000	0.73612895308772	0.0093592024885402	50.000000000000	0.00000000000000
4.8890000000000	0.73518589518509	0.0088271671618972	50.000000000000	0.00000000000000
4.8945000000000	0.73426078003107	0.0083302127270048	50.000000000000	0.00000000000000
4.9000000000000	0.73335478096901	0.0078675291995525	50.000000000000	0.00000000000000
4.9055000000000	0.73246904154824	0.0074382548327642	50.000000000000	0.00000000000000
4.9110000000000	0.73160467240459	0.0070414770934253	50.000000000000	0.00000000000000
4.9165000000000	0.73076274816411	0.0066762338723253	50.000000000000	0.00000000000000
4.9220000000000	0.72994430438973	0.0063415149300319	50.000000000000	0.00000000000000
4.9275000000000	0.72915033459145	0.0060362635769648	50.000000000000	0.00000000000000
4.9330000000000	0.72838178732021	0.0057593785848329	50.000000000000	0.00000000000000
4.9385000000000	0.72763956336593	0.0055097163245080	50.000000000000	0.00000000000000
4.9440000000000	0.72692451307969	0.0052860931235509	50.000000000000	0.00000000000000
4.9495000000000	0.72623743383952	0.0050872878344774	50.000000000000	0.00000000000000
4.9550000000000	0.72557906767869	0.0049120446030557	50.000000000000	0.00000000000000
4.9605000000000	0.72495009909427	0.0047590758241346	50.000000000000	0.00000000000000
4.9660000000000	0.72435115305271	0.0046270652705317	50.000000000000	0.00000000000000
4.9715000000000	0.72378279320793	0.0045146713791157	50.000000000000	0.00000000000000
4.9770000000000	0.72324552034571	0.0044205306763813	50.000000000000	0.00000000000000
4.9825000000000	0.72273977106676	0.0043432613251247	50.000000000000	0.00000000000000
4.9880000000000	0.72226591671872	0.0042814667714292	50.000000000000	0.00000000000000
4.9935000000000	0.72182426258585	0.0042337394718806	50.000000000000	0.00000000000000
4.9990000000000	0.72141504734263	0.0041986646784275	50.000000000000	0.00000000000000
5.0045000000000	0.72103844277584	0.0041748242591251	50.000000000000	0.00000000000000
5.0100000000000	0.72069455377716	0.0041608005319091	50.000000000000	0.00000000000000
5.0155000000000	0.72038341860642	0.0041551800885877	50.000000000000	0.00000000000000
5.0210000000000	0.72010500942356	0.0041565575866740	50.000000000000	0.00000000000000
5.0265000000000	0.71985923308441	0.0041635394866987	50.000000000000	0.00000000000000
5.0320000000000	0.71964593219488	0.0041747477136611	50.000000000000	0.00000000000000
5.0375000000000	0.71946488641435	0.0041888232213131	50.000000000000	0.00000000000000
5.0430000000000	0.71931581399867	0.0042044294400318	50.000000000000	0.00000000000000
5.0485000000000	0.71919837357036	0.0042202555893849	50.000000000000	0.00000000000000
5.0540000000000	0.71911216610325	0.0042350198383611	50.000000000000	0.00000000000000
5.0595000000000	0.71905673710531	0.0042474722973658	50.000000000000	0.00000000000000
5.0650000000000	0.71903157898490	0.0042563978278812	50.000000000000	0.00000000000000
5.0705000000000	0.71903613358219	0.0042606186577126	50.000000000000	0.00000000000000
5.0760000000000	0.71906979484822	0.0042589967910863	50.000000000000	0.00000000000000
5.0815000000000	0.71913191165234	0.0042504362046904	50.000000000000	0.00000000000000
5.0870000000000	0.71922179069943	0.0042338848232249	50.000000000000	0.00000000000000
5.0925000000000	0.71933869953731	0.0042083362694358	50.000000000000	0.00000000000000
5.0980000000000	0.71948186963428	0.0041728313853803	50.000000000000	0.00000000000000
5.1035000000000	0.71965049950869	0.0041264595237590	50.000000000000	0.00000000000000
5.1090000000000	0.71984375789015	0.0040683596099678	50.000000000000	0.00000000000000
5.1145000000000	0.72006078689528	0.0039977209769145	50.000000000000	0.00000000000000
5.1200000000000	0.72030070519918	0.0039137839763486	50.000000000000	0.00000000000000
5.1255000000000	0.72056261118579	0.0038158403721812	50.000000000000	0.00000000000000
5.1310000000000	0.72084558606151	0.0037032335220518	50.000000000000	0.00000000000000
5.1365000000000	0.72114869691627	0.0035753583550266	50.000000000000	0.00000000000000
5.1420000000000	0.72147099971849	0.0034316611547428	50.000000000000	0.00000000000000
5.1475000000000	0.72181154223092	0.0032716391571167	50.000000000000	0.00000000000000
5.1530000000000	0.72216936683531	0.0030948399740327	50.000000000000	0.00000000000000
5.1585000000000	0.72254351325689	0.0029008608534170	50.000000000000	0.00000000000000
5.1640000000000	0.72293302117748	0.0026893477885170	50.000000000000	0.00000000000000
5.1695000000000	0.72333693273120	0.0024599944876699	50.000000000000	0.00000000000000
5.1750000000000	0.72375429487497	0.0022125412174104	50.000000000000	0.00000000000000
5.1805000000000	0.72418416162941	0.0019467735318607	50.000000000000	0.00000000000000
5.1860000000000	0.72462559618503	0.0016625208997061	50.000000000000	0.00000000000000
5.1915000000000	0.72507767287145	0.0013596552428241	50.000000000000	0.00000000000000
5.1970000000000	0.72553947898731	0.0010380893975931	50.000000000000	0.00000000000000
5.2025000000000	0.72601011648992	0.00069777551146165	50.000000000000	0.00000000000000
5.2080000000000	0.72648870354545	0.00033870338613181	50.000000000000	0.00000000000000
5.2135000000000	0.72697437593948	-3.9101221437977e-005	50.000000000000	0.00000000000000
5.2190000000000	0.72746628835047	-0.00043557832955667	50.000000000000	0.00000000000000
5.2245000000000	0.72796361548890	-0.00085063548353819	50.000000000000	0.00000000000000
5.2300000000000	0.72846555310432	-0.0012841495194307	50.000000000000	0.00000000000000
5.2355000000000	0.72897131886492	-0.0017359683307590	50.000000000000	0.00000000000000
5.2410000000000	0.72948015311376	-0.0022059126296349	50.000000000000	0.00000000000000
5.2465000000000	0.72999131950581	-0.0026937776951602	50.000000000000	0.00000000000000
5.2520000000000	0.73050410553149	-0.0031993351012812	50.000000000000	0.00000000000000
5.2575000000000	0.73101782293187	-0.0037223344192471	50.000000000000	0.00000000000000
5.2630000000000	0.73153180801123	-0.0042625048867656	50.000000000000	0.00000000000000
5.2685000000000	0.73204542185205	-0.0048195570412068	50.000000000000	0.00000000000000
5.2740000000000	0.73255805043926	-0.0053931843104347	50.000000000000	0.00000000000000
5.2795000000000	0.73306910469922	-0.0059830645582621	50.000000000000	0.00000000000000
5.2850000000000	0.73357802045918	-0.0065888615814932	50.000000000000	0.00000000000000
5.2905000000000	0.73408425833265	-0.0072102265550165	50.000000000000	0.00000000000000
5.2960000000000	0.73458730353848	-0.0078467994234677	50.000000000000	0.00000000000000
5.3015000000000	0.73508666565646	-0.0084982102367463	50.000000000000	0.00000000000000
5.3070000000000	0.73558187832729	-0.0091640804291394	50.000000000000	0.00000000000000
5.3125000000000	0.73607249890123	-0.0098440240404986	50.000000000000	0.00000000000000
5.3180000000000	0.73655810804104	-0.010537648878861	50.000000000000	0.00000000000000
5.3235000000000	0.73703830928373	-0.011244557624609	50.000000000000	0.00000000000000
5.3290000000000	0.73751272856652	-0.011964348876253	50.000000000000	0.00000000000000
5.3345000000000	0.73798101372141	-0.012696618138022	50.000000000000	0.00000000000000
5.3400000000000	0.73844283394211	-0.013440958750481	50.000000000000	0.00000000000000
5.3455000000000	0.73889787922848	-0.014196962764459	50.000000000000	0.00000000000000
5.3510000000000	0.73934585981108	-0.014964221759405	50.000000000000	0.00000000000000
5.3565000000000	0.73978650556070	-0.015742327608310	50.000000000000	0.00000000000000
5.3620000000000	0.74021956538524	-0.016530873189493	50.000000000000	0.00000000000000
5.3675000000000	0.74064480661757	-0.017329453047425	50.000000000000	0.00000000000000
5.3730000000000	0.74106201439694	-0.018137664004450	50.000000000000	0.00000000000000
5.3785000000000	0.74147099104705	-0.018955105724110	50.000000000000	0.00000000000000
5.3840000000000	0.74187155545309	-0.019781381229329	50.000000000000	0.00000000000000
5.3895000000000	0.74226354243917	-0.020616097376182	50.000000000000	0.00000000000000
5.3950000000000	0.74264680214963	-0.021458865285399	50.000000000000	0.00000000000000
5.4005000000000	0.74302119943490	-0.022309300733972	50.000000000000	0.00000000000000
5.4060000000000	0.74338661324391	-0.023167024507934	50.000000000000	0.00000000000000
5.4115000000000	0.74374293602457	-0.024031662719209	50.000000000000	0.00000000000000
5.4170000000000	0.74409007313374	-0.024902847087399	50.000000000000	0.00000000000000
5.4225000000000	0.74442794225741	-0.025780215189181	50.000000000000	0.00000000000000
5.4280000000000	0.74475647284245	-0.026663410676766	50.000000000000	0.00000000000000
5.4335000000000	0.74507560554087	-0.027552083467020	50.000000000000	0.00000000000000
5.4390000000000	0.74538529166675	-0.028445889903695	50.000000000000	0.00000000000000
5.4445000000000	0.74568549266718	-0.029344492893469	50.000000000000	0.00000000000000
5.4500000000000	0.74597617960709	-0.030247562018600	50.000000000000	0.00000000000000
5.4555000000000	0.74625733266880	-0.031154773626556	50.000000000000	0.00000000000000
5.4610000000000	0.74652894066637	-0.032065810899198	50.000000000000	0.00000000000000
5.4665000000000	0.74679100057493	-0.032980363902418	50.000000000000	0.00000000000000
5.4720000000000	0.74704351707534	-0.033898129617837	50.000000000000	0.00000000000000
5.4775000000000	0.74728650211409	-0.034818811957823	50.000000000000	0.00000000000000
5.4830000000000	0.74751997447848	-0.035742121765135	50.000000000000	0.00000000000000
5.4885000000000	0.74774395938704	-0.036667776798669	50.000000000000	0.00000000000000
5.4940000000000	0.74795848809498	-0.037595501705987	50.000000000000	0.00000000000000
5.4995000000000	0.74816359751488	-0.038525027984242	50.000000000000	0.00000000000000
5.5050000000000	0.74835932985191	-0.039456093930213	50.000000000000	0.00000000000000
5.5105000000000	0.74854573225379	-0.040388444580620	50.000000000000	0.00000000000000
5.5160000000000	0.74872285647500	-0.041321831643597	50.000000000000	0.00000000000000
5.5215000000000	0.74889075855507	-0.042256013422109	50.000000000000	0.00000000000000
5.5270000000000	0.74904949851061	-0.043190754730421	50.000000000000	0.00000000000000
5.5325000000000	0.74919914004072	-0.044125826804042	50.000000000000	0.00000000000000
5.5380000000000	0.74933975024558	-0.045061007204158	50.000000000000	0.00000000000000
5.5435000000000	0.74947139935767	-0.045996079717073	50.000000000000	0.00000000000000
5.5490000000000	0.74959416048541	-0.046930834249387	50.000000000000	0.00000000000000
5.5545000000000	0.74970810936885	-0.047865066719443	50.000000000000	0.00000000000000
5.5600000000000	0.74981332414694	-0.048798578945595	50.000000000000	0.00000000000000
5.5655000000000	0.74990988513608	-0.049731178531911	50.000000000000	0.00000000000000
5.5710000000000	0.74999787461960	-0.050662678751601	50.000000000000	0.00000000000000
5.5765000000000	0.75007737664768	-0.051592898428762	50.000000000000	0.00000000000000
5.5820000000000	0.75014847684746	-0.052521661818868	50.000000000000	0.00000000000000
5.5875000000000	0.75021126224290	-0.053448798488179	50.000000000000	0.00000000000000
5.5930000000000	0.75026582108402	-0.054374143192594	50.000000000000	0.00000000000000
5.5985000000000	0.75031224268520	-0.055297535756285	50.000000000000	0.00000000000000
5.6040000000000	0.75035061727209	-0.056218820950045	50.000000000000	0.00000000000000
5.6095000000000	0.75038103583710	-0.057137848370420	50.000000000000	0.00000000000000
5.6150000000000	0.75040359000237	-0.058054472318707	50.000000000000	0.00000000000000
5.6205000000000	0.75041837189093	-0.058968551681037	50.000000000000	0.00000000000000
5.6260000000000	0.75042547400488	-0.059879949809366	50.000000000000	0.00000000000000
5.6315000000000	0.75042498911059	-0.060788534403276	50.000000000000	0.00000000000000
5.6370000000000	0.75041701013074	-0.061694177393455	50.000000000000	0.00000000000000
5.6425000000000	0.75040163004250	-0.062596754825958	50.000000000000	0.00000000000000
5.6480000000000	0.75037894178220	-0.063496146748460	50.000000000000	0.00000000000000
5.6535000000000	0.75034903815526	-0.064392237098061	50.000000000000	0.00000000000000
5.6590000000000	0.75031201175230	-0.065284913590337	50.000000000000	0.00000000000000
5.6645000000000	0.75026795486993	-0.066174067611100	50.000000000000	0.00000000000000
5.6700000000000	0.75021695943707	-0.067059594108801	50.000000000000	0.00000000000000
5.6755000000000	0.75015911694565	-0.067941391489988	50.000000000000	0.00000000000000
5.6810000000000	0.75009451838610	-0.068819361516126	50.000000000000	0.00000000000000
5.6865000000000	0.75002325418717	-0.069693409202438	50.000000000000	0.00000000000000
5.6920000000000	0.74994541415946	-0.070563442719326	50.000000000000	0.00000000000000
5.6975000000000	0.74986108744341	-0.071429373294889	50.000000000000	0.00000000000000
5.7030000000000	0.74977036246060	-0.072291115120795	50.000000000000	0.00000000000000
5.7085000000000	0.74967332686848	-0.073148585259010	50.000000000000	0.00000000000000
5.7140000000000	0.74957006751860	-0.074001703551955	50.000000000000	0.00000000000000
5.7195000000000	0.74946067041810	-0.074850392533291	50.000000000000	0.00000000000000
5.7250000000000	0.74934522069372	-0.075694577342070	50.000000000000	0.00000000000000
5.7305000000000	0.74922380255877	-0.076534185638822	50.000000000000	0.00000000000000
5.7360000000000	0.74909649928309	-0.077369147522645	50.000000000000	0.00000000000000
5.7415000000000	0.74896339316491	-0.078199395452064	50.000000000000	0.00000000000000
5.7470000000000	0.74882456550550	-0.079024864166593	50.000000000000	0.00000000000000
5.7525000000000	0.74868009658599	-0.079845490610940	50.000000000000	0.00000000000000
5.7580000000000	0.74853006564561	-0.080661213861367	50.000000000000	0.00000000000000
5.7635000000000	0.74837455086304	-0.081471975053771	50.000000000000	0.00000000000000
5.7690000000000	0.74821362933864	-0.082277717313556	50.000000000000	0.00000000000000
5.7745000000000	0.74804737707892	-0.083078385687859	50.000000000000	0.00000000000000
5.7800000000000	0.74787586898217	-0.083873927079787	50.000000000000	0.00000000000000
5.7855000000000	0.74769917882612	-0.084664290183990	50.000000000000	0.00000000000000
5.7910000000000	0.74751737925677	-0.085449425424514	50.000000000000	0.00000000000000
5.7965000000000	0.74733054177833	-0.086229284894094	50.000000000000	0.00000000000000
5.8020000000000	0.74713873674492	-0.087003822296073	50.000000000000	0.00000000000000
5.8075000000000	0.74694203335302	-0.087772992886694	50.000000000000	0.00000000000000
5.8130000000000	0.74674049963475	-0.088536753420659	50.000000000000	0.00000000000000
5.8185000000000	0.74653420245341	-0.089295062096998	50.000000000000	0.00000000000000
5.8240000000000	0.74632320749808	-0.090047878507487	50.000000000000	0.00000000000000
5.8295000000000	0.74610757928071	-0.090795163586424	50.000000000000	0.00000000000000
5.8350000000000	0.74588738113293	-0.091536879561489	50.000000000000	0.00000000000000
5.8405000000000	0.74566267520455	-0.092272989907480	50.000000000000	0.00000000000000
5.8460000000000	0.74543352246158	-0.093003459299474	50.000000000000	0.00000000000000
5.8515000000000	0.74519998268633	-0.093728253569664	50.000000000000	0.00000000000000
5.8570000000000	0.74496211447652	-0.094447339664048	50.000000000000	0.00000000000000
5.8625000000000	0.74471997524622	-0.095160685601153	50.000000000000	0.00000000000000
5.8680000000000	0.74447362122655	-0.095868260432148	50.000000000000	0.00000000000000
5.8735000000000	0.74422310746694	-0.096570034202327	50.000000000000	0.00000000000000
5.8790000000000	0.74396848783727	-0.097265977913339	50.000000000000	0.00000000000000
5.8845000000000	0.74370981502957	-0.097956063487458	50.000000000000	0.00000000000000
5.8900000000000	0.74344714056044	-0.098640263732680	50.000000000000	0.00000000000000
5.8955000000000	0.74318051477423	-0.099318552309084	50.000000000000	0.00000000000000
5.9010000000000	0.74290998684570	-0.099990903696167	50.000000000000	0.00000000000000
5.9065000000000	0.74263560478305	-0.10065729316199	50.000000000000	0.00000000000000
5.9120000000000	0.74235741543199	-0.10131769673260	50.000000000000	0.00000000000000
5.9175000000000	0.74207546447870	-0.10197209116314	50.000000000000	0.00000000000000
5.9230000000000	0.74178979645387	-0.10262045390973	50.000000000000	0.00000000000000
5.9285000000000	0.74150045473673	-0.10326276310246	50.000000000000	0.00000000000000
5.9340000000000	0.74120748155853	-0.10389899751976	50.000000000000	0.00000000000000
5.9395000000000	0.74091091800732	-0.10452913656270	50.000000000000	0.00000000000000
5.9450000000000	0.74061080403132	-0.10515316023197	50.000000000000	0.00000000000000
5.9505000000000	0.74030717844374	-0.10577104910386	50.000000000000	0.00000000000000
5.9560000000000	0.74000007892650	-0.10638278430870	50.000000000000	0.00000000000000
5.9615000000000	0.73968954203484	-0.10698834750935	50.000000000000	0.00000000000000
5.9670000000000	0.73937560320119	-0.10758772088099	50.000000000000	0.00000000000000
5.9725000000000	0.73905829673961	-0.10818088709138	50.000000000000	0.00000000000000
5.9780000000000	0.73873765584982	-0.10876782928229	50.000000000000	0.00000000000000
5.9835000000000	0.73841371262139	-0.10934853105163	50.000000000000	0.00000000000000
5.9890000000000	0.73808649803779	-0.10992297643632	50.000000000000	0.00000000000000
5.9945000000000	0.73775604198038	-0.11049114989601	50.000000000000	0.00000000000000
6.0000000000000	0.73742237323237	-0.11105303629750	50.000000000000	0.00000000000000
