#Parameters = {Disk_Antenna_1_S11_target_top=-18; Disk_Antenna_1_center_frequency=2.6; Disk_Antenna_1_central_pipe_radius=2.5; Disk_Antenna_1_connector_inner_diameter=1.74; Disk_Antenna_1_connector_outer_diameter=4; Disk_Antenna_1_direction_disks_diameter_1=48.5; Disk_Antenna_1_direction_disks_diameter_2=38.5; Disk_Antenna_1_direction_disks_diameter_3=38.5; Disk_Antenna_1_direction_disks_diameter_4=36.5; Disk_Antenna_1_direction_disks_diameter_5=36; Disk_Antenna_1_disk_metallization_thickness=0.5; Disk_Antenna_1_frequency_range=0.2; Disk_Antenna_1_inter_direction_disks_distance_1=27; Disk_Antenna_1_inter_direction_disks_distance_2=28.5; Disk_Antenna_1_inter_direction_disks_distance_3=33; Disk_Antenna_1_inter_direction_disks_distance_4=28; Disk_Antenna_1_line_direction_disk_distance=11; Disk_Antenna_1_line_disk_diameter=64.5; Disk_Antenna_1_main_line_disks_distance=9.5; Disk_Antenna_1_main_reflector_diameter=84.5; Disk_Antenna_1_number_direction_disk=5; Disk_Antenna_1_nut_diameter=8; Disk_Antenna_1_nut_height=1; Disk_Antenna_1_nut_thickness=3; Disk_Antenna_1_optimisation_range=0.1; Disk_Antenna_1_port_connection_offset=26}
#"Frequency / GHz"	"S1,1 (440) [Re]"	"S1,1 (440) [Im]"	"Ref.Imp. [Re]"	"Ref.Imp. [Im]"
#-------------------------------------------------------------------------------------
0.50000000000000	-0.21894756861003	0.93666900794584	50.000000000000	0.00000000000000
0.50550000000000	-0.20650901668483	0.93907011102220	50.000000000000	0.00000000000000
0.51100000000000	-0.19404549717286	0.94129502030986	50.000000000000	0.00000000000000
0.51650000000000	-0.18155900986528	0.94334297019191	50.000000000000	0.00000000000000
0.52200000000000	-0.16905155705762	0.94521318067274	50.000000000000	0.00000000000000
0.52750000000000	-0.15652514548575	0.94690485510989	50.000000000000	0.00000000000000
0.53300000000000	-0.14398178847237	0.94841717793459	50.000000000000	0.00000000000000
0.53850000000000	-0.13142350829748	0.94974931236786	50.000000000000	0.00000000000000
0.54400000000000	-0.11885233880726	0.95090039813966	50.000000000000	0.00000000000000
0.54950000000000	-0.10627032827646	0.95186954921980	50.000000000000	0.00000000000000
0.55500000000000	-0.093679542541098	0.95265585157117	50.000000000000	0.00000000000000
0.56050000000000	-0.081082068418549	0.95325836093665	50.000000000000	0.00000000000000
0.56600000000000	-0.068480017434213	0.95367610067369	50.000000000000	0.00000000000000
0.57150000000000	-0.055875529874175	0.95390805965177	50.000000000000	0.00000000000000
0.57700000000000	-0.043270779185007	0.95395319023132	50.000000000000	0.00000000000000
0.58250000000000	-0.030667976743263	0.95381040634399	50.000000000000	0.00000000000000
0.58800000000000	-0.018069377017824	0.95347858169878	50.000000000000	0.00000000000000
0.59350000000000	-0.0054772831495713	0.95295654814045	50.000000000000	0.00000000000000
0.59900000000000	0.0071059470254041	0.95224309419183	50.000000000000	0.00000000000000
0.60450000000000	0.019677894483096	0.95133696381483	50.000000000000	0.00000000000000
0.61000000000000	0.032236072021136	0.95023685543129	50.000000000000	0.00000000000000
0.61550000000000	0.044777916743404	0.94894142124873	50.000000000000	0.00000000000000
0.62100000000000	0.057300781990284	0.94744926694440	50.000000000000	0.00000000000000
0.62650000000000	0.069801928687282	0.94575895176578	50.000000000000	0.00000000000000
0.63200000000000	0.082278516083048	0.94386898911571	50.000000000000	0.00000000000000
0.63750000000000	0.094727591851069	0.94177784769757	50.000000000000	0.00000000000000
0.64300000000000	0.10714608152962	0.93948395330670	50.000000000000	0.00000000000000
0.64850000000000	0.11953077727792	0.93698569136449	50.000000000000	0.00000000000000
0.65400000000000	0.13187832593095	0.93428141030413	50.000000000000	0.00000000000000
0.65950000000000	0.14418521633958	0.93136942592973	50.000000000000	0.00000000000000
0.66500000000000	0.15644776599078	0.92824802688521	50.000000000000	0.00000000000000
0.67050000000000	0.16866210691132	0.92491548138513	50.000000000000	0.00000000000000
0.67600000000000	0.18082417086999	0.92137004537677	50.000000000000	0.00000000000000
0.68150000000000	0.19292967390781	0.91760997232038	50.000000000000	0.00000000000000
0.68700000000000	0.20497410024413	0.91363352479498	50.000000000000	0.00000000000000
0.69250000000000	0.21695268562781	0.90943898815622	50.000000000000	0.00000000000000
0.69800000000000	0.22886040023032	0.90502468649492	50.000000000000	0.00000000000000
0.70350000000000	0.24069193120963	0.90038900116536	50.000000000000	0.00000000000000
0.70900000000000	0.25244166511259	0.89553039217415	50.000000000000	0.00000000000000
0.71450000000000	0.26410367033004	0.89044742274000	50.000000000000	0.00000000000000
0.72000000000000	0.27567167987340	0.88513878735330	50.000000000000	0.00000000000000
0.72550000000000	0.28713907480544	0.87960334367876	50.000000000000	0.00000000000000
0.73100000000000	0.29849886873287	0.87384014865482	50.000000000000	0.00000000000000
0.73650000000000	0.30974369385422	0.86784849914598	50.000000000000	0.00000000000000
0.74200000000000	0.32086578915520	0.86162797749815	50.000000000000	0.00000000000000
0.74750000000000	0.33185699145536	0.85517850232778	50.000000000000	0.00000000000000
0.75300000000000	0.34270873013517	0.84850038484012	50.000000000000	0.00000000000000
0.75850000000000	0.35341202651096	0.84159439091579	50.000000000000	0.00000000000000
0.76400000000000	0.36395749897638	0.83446180912247	50.000000000000	0.00000000000000
0.76950000000000	0.37433537519039	0.82710452469446	50.000000000000	0.00000000000000
0.77500000000000	0.38453551276086	0.81952509936986	50.000000000000	0.00000000000000
0.78050000000000	0.39454743004402	0.81172685677655	50.000000000000	0.00000000000000
0.78600000000000	0.40436034884681	0.80371397280586	50.000000000000	0.00000000000000
0.79150000000000	0.41396325097142	0.79549157009910	50.000000000000	0.00000000000000
0.79700000000000	0.42334495066642	0.78706581539056	50.000000000000	0.00000000000000
0.80250000000000	0.43249418513019	0.77844401799430	50.000000000000	0.00000000000000
0.80800000000000	0.44139972522948	0.76963472718832	50.000000000000	0.00000000000000
0.81350000000000	0.45005050852432	0.76064782563841	50.000000000000	0.00000000000000
0.81900000000000	0.45843579650119	0.75149461532082	50.000000000000	0.00000000000000
0.82450000000000	0.46654535757665	0.74218789166029	50.000000000000	0.00000000000000
0.83000000000000	0.47436967691048	0.73274200082126	50.000000000000	0.00000000000000
0.83550000000000	0.48190019332281	0.72317287430836	50.000000000000	0.00000000000000
0.84100000000000	0.48912956261537	0.71349803429606	50.000000000000	0.00000000000000
0.84650000000000	0.49605194532397	0.70373656248119	50.000000000000	0.00000000000000
0.85200000000000	0.50266331536789	0.69390902481307	50.000000000000	0.00000000000000
0.85750000000000	0.50896178421711	0.68403734430258	50.000000000000	0.00000000000000
0.86300000000000	0.51494793310392	0.67414461434603	50.000000000000	0.00000000000000
0.86850000000000	0.52062514352891	0.66425484573754	50.000000000000	0.00000000000000
0.87400000000000	0.52599991396141	0.65439264188904	50.000000000000	0.00000000000000
0.87950000000000	0.53108214836284	0.64458279882062	50.000000000000	0.00000000000000
0.88500000000000	0.53588540016846	0.63484982927868	50.000000000000	0.00000000000000
0.89050000000000	0.54042705388219	0.62521741388477	50.000000000000	0.00000000000000
0.89600000000000	0.54472842573462	0.61570778643894	50.000000000000	0.00000000000000
0.90150000000000	0.54881476518497	0.60634106523402	50.000000000000	0.00000000000000
0.90700000000000	0.55271514064900	0.59713454721723	50.000000000000	0.00000000000000
0.91250000000000	0.55646219586808	0.58810198670271	50.000000000000	0.00000000000000
0.91800000000000	0.56009176785658	0.57925288465242	50.000000000000	0.00000000000000
0.92350000000000	0.56364236328688	0.57059181781837	50.000000000000	0.00000000000000
0.92900000000000	0.56715449723289	0.56211783879716	50.000000000000	0.00000000000000
0.93450000000000	0.57066990596415	0.55382397787879	50.000000000000	0.00000000000000
0.94000000000000	0.57423065337399	0.54569687520297	50.000000000000	0.00000000000000
0.94550000000000	0.57787815794705	0.53771656709394	50.000000000000	0.00000000000000
0.95100000000000	0.58165217319964	0.52985644369253	50.000000000000	0.00000000000000
0.95650000000000	0.58558975859730	0.52208338655866	50.000000000000	0.00000000000000
0.96200000000000	0.58972427955663	0.51435808541562	50.000000000000	0.00000000000000
0.96750000000000	0.59408447399373	0.50663552345028	50.000000000000	0.00000000000000
0.97300000000000	0.59869361899389	0.49886561143653	50.000000000000	0.00000000000000
0.97850000000000	0.60356882484534	0.49099394323943	50.000000000000	0.00000000000000
0.98400000000000	0.60872047546139	0.48296263966460	50.000000000000	0.00000000000000
0.98950000000000	0.61415182485850	0.47471124459098	50.000000000000	0.00000000000000
0.99500000000000	0.61985874969966	0.46617763703889	50.000000000000	0.00000000000000
1.0005000000000	0.62582964877392	0.45729892516698	50.000000000000	0.00000000000000
1.0060000000000	0.63204547237313	0.44801229280296	50.000000000000	0.00000000000000
1.0115000000000	0.63847985836860	0.43825577545401	50.000000000000	0.00000000000000
1.0170000000000	0.64509934768398	0.42796895017651	50.000000000000	0.00000000000000
1.0225000000000	0.65186364988198	0.41709353156578	50.000000000000	0.00000000000000
1.0280000000000	0.65872592960915	0.40557387387325	50.000000000000	0.00000000000000
1.0335000000000	0.66563308640656	0.39335738640979	50.000000000000	0.00000000000000
1.0390000000000	0.67252600354019	0.38039487563500	50.000000000000	0.00000000000000
1.0445000000000	0.67933974565156	0.36664083250163	50.000000000000	0.00000000000000
1.0500000000000	0.68600368982418	0.35205368769636	50.000000000000	0.00000000000000
1.0555000000000	0.69244157981483	0.33659606047385	50.000000000000	0.00000000000000
1.0610000000000	0.69857149851607	0.32023502897242	50.000000000000	0.00000000000000
1.0665000000000	0.70430575910275	0.30294245140949	50.000000000000	0.00000000000000
1.0720000000000	0.70955072078000	0.28469536856046	50.000000000000	0.00000000000000
1.0775000000000	0.71420654069831	0.26547651856626	50.000000000000	0.00000000000000
1.0830000000000	0.71816687961666	0.24527499546334	50.000000000000	0.00000000000000
1.0885000000000	0.72131858552775	0.22408708286466	50.000000000000	0.00000000000000
1.0940000000000	0.72354138699934	0.20191729380025	50.000000000000	0.00000000000000
1.0995000000000	0.72470763674013	0.17877964656681	50.000000000000	0.00000000000000
1.1050000000000	0.72468215615270	0.15469920408166	50.000000000000	0.00000000000000
1.1105000000000	0.72332224361127	0.12971390003063	50.000000000000	0.00000000000000
1.1160000000000	0.72047792298366	0.10387666816085	50.000000000000	0.00000000000000
1.1215000000000	0.71599252436775	0.077257880270135	50.000000000000	0.00000000000000
1.1270000000000	0.70970370564320	0.049948082413713	50.000000000000	0.00000000000000
1.1325000000000	0.70144504024947	0.022060996009468	50.000000000000	0.00000000000000
1.1380000000000	0.69104831187778	-0.0062632808069591	50.000000000000	0.00000000000000
1.1435000000000	0.67834666786133	-0.034854977630948	50.000000000000	0.00000000000000
1.1490000000000	0.66317878616495	-0.063511420725856	50.000000000000	0.00000000000000
1.1545000000000	0.64539420090801	-0.091994089182395	50.000000000000	0.00000000000000
1.1600000000000	0.62485990190642	-0.12002625501289	50.000000000000	0.00000000000000
1.1655000000000	0.60146826741640	-0.14729158369575	50.000000000000	0.00000000000000
1.1710000000000	0.57514629856313	-0.17343414955680	50.000000000000	0.00000000000000
1.1765000000000	0.54586599260977	-0.19806038395994	50.000000000000	0.00000000000000
1.1820000000000	0.51365551765431	-0.22074350614439	50.000000000000	0.00000000000000
1.1875000000000	0.47861063760549	-0.24103096469963	50.000000000000	0.00000000000000
1.1930000000000	0.44090559763884	-0.25845531776782	50.000000000000	0.00000000000000
1.1985000000000	0.40080244424742	-0.27254877987446	50.000000000000	0.00000000000000
1.2040000000000	0.35865756238878	-0.28286134963457	50.000000000000	0.00000000000000
1.2095000000000	0.31492411899370	-0.28898201007878	50.000000000000	0.00000000000000
1.2150000000000	0.27014916540498	-0.29056199301142	50.000000000000	0.00000000000000
1.2205000000000	0.22496441995491	-0.28733858321965	50.000000000000	0.00000000000000
1.2260000000000	0.18007024739076	-0.27915749924731	50.000000000000	0.00000000000000
1.2315000000000	0.13621305077443	-0.26599163257772	50.000000000000	0.00000000000000
1.2370000000000	0.094157114920030	-0.24795395588014	50.000000000000	0.00000000000000
1.2425000000000	0.054652758060520	-0.22530278371805	50.000000000000	0.00000000000000
1.2480000000000	0.018403301016651	-0.19843827889216	50.000000000000	0.00000000000000
1.2535000000000	-0.013966299185815	-0.16789005709099	50.000000000000	0.00000000000000
1.2590000000000	-0.041936378629957	-0.13429679445797	50.000000000000	0.00000000000000
1.2645000000000	-0.065112783696114	-0.098379694595463	50.000000000000	0.00000000000000
1.2700000000000	-0.083238938314497	-0.060912345384579	50.000000000000	0.00000000000000
1.2755000000000	-0.096199342392677	-0.022689775592227	50.000000000000	0.00000000000000
1.2810000000000	-0.10401509371093	0.015500619646257	50.000000000000	0.00000000000000
1.2865000000000	-0.10683285825260	0.052904113168986	50.000000000000	0.00000000000000
1.2920000000000	-0.10490925556793	0.088818196263557	50.000000000000	0.00000000000000
1.2975000000000	-0.098592839589331	0.12260600881752	50.000000000000	0.00000000000000
1.3030000000000	-0.088305774019426	0.15370376565035	50.000000000000	0.00000000000000
1.3085000000000	-0.074527003897347	0.18162290344461	50.000000000000	0.00000000000000
1.3140000000000	-0.057778306861646	0.20594809738477	50.000000000000	0.00000000000000
1.3195000000000	-0.038614155361431	0.22633254704265	50.000000000000	0.00000000000000
1.3250000000000	-0.017615894513695	0.24249204877460	50.000000000000	0.00000000000000
1.3305000000000	0.0046096349399503	0.25419941381665	50.000000000000	0.00000000000000
1.3360000000000	0.027427232616953	0.26128081380331	50.000000000000	0.00000000000000
1.3415000000000	0.050166771294840	0.26361568117560	50.000000000000	0.00000000000000
1.3470000000000	0.072113869604109	0.26114187692254	50.000000000000	0.00000000000000
1.3525000000000	0.092499319392697	0.25386793599328	50.000000000000	0.00000000000000
1.3580000000000	0.11048962968060	0.24189421964638	50.000000000000	0.00000000000000
1.3635000000000	0.12518226802872	0.22544455386290	50.000000000000	0.00000000000000
1.3690000000000	0.13561079416959	0.20490908902702	50.000000000000	0.00000000000000
1.3745000000000	0.14076692254062	0.18089720343402	50.000000000000	0.00000000000000
1.3800000000000	0.13964807231046	0.15429573100625	50.000000000000	0.00000000000000
1.3855000000000	0.13133901045137	0.12632222431456	50.000000000000	0.00000000000000
1.3910000000000	0.11513289536841	0.098555689140091	50.000000000000	0.00000000000000
1.3965000000000	0.090688171599188	0.072920154483359	50.000000000000	0.00000000000000
1.4020000000000	0.058202136863649	0.051593844401799	50.000000000000	0.00000000000000
1.4075000000000	0.018561864894681	0.036824814589980	50.000000000000	0.00000000000000
1.4130000000000	-0.026583299130625	0.030657753233266	50.000000000000	0.00000000000000
1.4185000000000	-0.074882909188256	0.034614091853990	50.000000000000	0.00000000000000
1.4240000000000	-0.12350672232727	0.049404226943383	50.000000000000	0.00000000000000
1.4295000000000	-0.16949853352266	0.074763147650199	50.000000000000	0.00000000000000
1.4350000000000	-0.21017888846530	0.10947211291188	50.000000000000	0.00000000000000
1.4405000000000	-0.24348762727935	0.15156619688725	50.000000000000	0.00000000000000
1.4460000000000	-0.26818003384343	0.19866233107545	50.000000000000	0.00000000000000
1.4515000000000	-0.28384836251343	0.24830968381126	50.000000000000	0.00000000000000
1.4570000000000	-0.29080023419086	0.29827604765955	50.000000000000	0.00000000000000
1.4625000000000	-0.28985870887543	0.34672492160640	50.000000000000	0.00000000000000
1.4680000000000	-0.28214940391084	0.39228170399657	50.000000000000	0.00000000000000
1.4735000000000	-0.26891968129499	0.43401548883848	50.000000000000	0.00000000000000
1.4790000000000	-0.25140995591788	0.47137171679034	50.000000000000	0.00000000000000
1.4845000000000	-0.23077818735942	0.50408642458026	50.000000000000	0.00000000000000
1.4900000000000	-0.20806859991158	0.53210316782419	50.000000000000	0.00000000000000
1.4955000000000	-0.18421286390278	0.55550457182143	50.000000000000	0.00000000000000
1.5010000000000	-0.16005315184945	0.57446446600396	50.000000000000	0.00000000000000
1.5065000000000	-0.13637876890578	0.58922416204870	50.000000000000	0.00000000000000
1.5120000000000	-0.11396915552735	0.60009717441724	50.000000000000	0.00000000000000
1.5175000000000	-0.093633674236442	0.60750951457437	50.000000000000	0.00000000000000
1.5230000000000	-0.076229677259619	0.61208507275680	50.000000000000	0.00000000000000
1.5285000000000	-0.062621646098695	0.61478053512027	50.000000000000	0.00000000000000
1.5340000000000	-0.053518039049812	0.61704565739633	50.000000000000	0.00000000000000
1.5395000000000	-0.049115196688693	0.62090900368482	50.000000000000	0.00000000000000
1.5450000000000	-0.048565487152482	0.62877269118764	50.000000000000	0.00000000000000
1.5505000000000	-0.049555647846871	0.64267909458024	50.000000000000	0.00000000000000
1.5560000000000	-0.048579290960845	0.66317325662742	50.000000000000	0.00000000000000
1.5615000000000	-0.042220846559887	0.68857895006364	50.000000000000	0.00000000000000
1.5670000000000	-0.028714796247193	0.71557320044118	50.000000000000	0.00000000000000
1.5725000000000	-0.0084918903822557	0.74075339059108	50.000000000000	0.00000000000000
1.5780000000000	0.016566229906497	0.76190331786528	50.000000000000	0.00000000000000
1.5835000000000	0.044266093922218	0.77824165538745	50.000000000000	0.00000000000000
1.5890000000000	0.072826213738502	0.78998471649817	50.000000000000	0.00000000000000
1.5945000000000	0.10107301366402	0.79780663982163	50.000000000000	0.00000000000000
1.6000000000000	0.12834899022889	0.80247679108832	50.000000000000	0.00000000000000
1.6055000000000	0.15434758255908	0.80468757250676	50.000000000000	0.00000000000000
1.6110000000000	0.17897161616325	0.80500074869708	50.000000000000	0.00000000000000
1.6165000000000	0.20223667320732	0.80384915969581	50.000000000000	0.00000000000000
1.6220000000000	0.22421218481519	0.80155769453241	50.000000000000	0.00000000000000
1.6275000000000	0.24498777023036	0.79836709576829	50.000000000000	0.00000000000000
1.6330000000000	0.26465456333220	0.79445466212966	50.000000000000	0.00000000000000
1.6385000000000	0.28329446211966	0.78995070421183	50.000000000000	0.00000000000000
1.6440000000000	0.30097254790119	0.78495179730091	50.000000000000	0.00000000000000
1.6495000000000	0.31772926345092	0.77953366614250	50.000000000000	0.00000000000000
1.6550000000000	0.33357052830799	0.77377011018888	50.000000000000	0.00000000000000
1.6605000000000	0.34846133754953	0.76777213744558	50.000000000000	0.00000000000000
1.6660000000000	0.36236068089544	0.76176564830716	50.000000000000	0.00000000000000
1.6715000000000	0.37540578800631	0.75614968370508	50.000000000000	0.00000000000000
1.6770000000000	0.38820207490227	0.75119951572532	50.000000000000	0.00000000000000
1.6825000000000	0.40142720161903	0.74643561713990	50.000000000000	0.00000000000000
1.6880000000000	0.41492578508135	0.74108857834294	50.000000000000	0.00000000000000
1.6935000000000	0.42813915899704	0.73501661764549	50.000000000000	0.00000000000000
1.6990000000000	0.44079679440952	0.72845612762731	50.000000000000	0.00000000000000
1.7045000000000	0.45287667007544	0.72161823300672	50.000000000000	0.00000000000000
1.7100000000000	0.46443288779279	0.71461943197466	50.000000000000	0.00000000000000
1.7155000000000	0.47552464352077	0.70751667154124	50.000000000000	0.00000000000000
1.7210000000000	0.48620034242344	0.70033770668341	50.000000000000	0.00000000000000
1.7265000000000	0.49649745678436	0.69309679092662	50.000000000000	0.00000000000000
1.7320000000000	0.50644518083176	0.68580191044076	50.000000000000	0.00000000000000
1.7375000000000	0.51606682416453	0.67845805728914	50.000000000000	0.00000000000000
1.7430000000000	0.52538152049620	0.67106872944354	50.000000000000	0.00000000000000
1.7485000000000	0.53440537924751	0.66363663445537	50.000000000000	0.00000000000000
1.7540000000000	0.54315225680088	0.65616402857850	50.000000000000	0.00000000000000
1.7595000000000	0.55163428022456	0.64865288506089	50.000000000000	0.00000000000000
1.7650000000000	0.55986221097320	0.64110498052279	50.000000000000	0.00000000000000
1.7705000000000	0.56784570407184	0.63352194122597	50.000000000000	0.00000000000000
1.7760000000000	0.57559349780073	0.62590526932687	50.000000000000	0.00000000000000
1.7815000000000	0.58311355616172	0.61825635895388	50.000000000000	0.00000000000000
1.7870000000000	0.59041317851943	0.61057650699908	50.000000000000	0.00000000000000
1.7925000000000	0.59749908588622	0.60286692108056	50.000000000000	0.00000000000000
1.7980000000000	0.60437749020400	0.59512872591578	50.000000000000	0.00000000000000
1.8035000000000	0.61105415097217	0.58736296873416	50.000000000000	0.00000000000000
1.8090000000000	0.61753442225854	0.57957062404621	50.000000000000	0.00000000000000
1.8145000000000	0.62382329225564	0.57175259792980	50.000000000000	0.00000000000000
1.8200000000000	0.62992541695104	0.56390973191566	50.000000000000	0.00000000000000
1.8255000000000	0.63584514906985	0.55604280651563	50.000000000000	0.00000000000000
1.8310000000000	0.64158656315925	0.54815254441958	50.000000000000	0.00000000000000
1.8365000000000	0.64715347747818	0.54023961337866	50.000000000000	0.00000000000000
1.8420000000000	0.65254947320538	0.53230462879058	50.000000000000	0.00000000000000
1.8475000000000	0.65777791136820	0.52434815600139	50.000000000000	0.00000000000000
1.8530000000000	0.66284194781130	0.51637071233958	50.000000000000	0.00000000000000
1.8585000000000	0.66774454646134	0.50837276889842	50.000000000000	0.00000000000000
1.8640000000000	0.67248849109509	0.50035475208403	50.000000000000	0.00000000000000
1.8695000000000	0.67707639578020	0.49231704494696	50.000000000000	0.00000000000000
1.8750000000000	0.68151071412824	0.48425998831593	50.000000000000	0.00000000000000
1.8805000000000	0.68579374747547	0.47618388175325	50.000000000000	0.00000000000000
1.8860000000000	0.68992765208759	0.46808898435141	50.000000000000	0.00000000000000
1.8915000000000	0.69391444546937	0.45997551539158	50.000000000000	0.00000000000000
1.8970000000000	0.69775601184695	0.45184365488460	50.000000000000	0.00000000000000
1.9025000000000	0.70145410688041	0.44369354401630	50.000000000000	0.00000000000000
1.9080000000000	0.70501036165547	0.43552528551896	50.000000000000	0.00000000000000
1.9135000000000	0.70842628599612	0.42733894399199	50.000000000000	0.00000000000000
1.9190000000000	0.71170327113395	0.41913454619516	50.000000000000	0.00000000000000
1.9245000000000	0.71484259176524	0.41091208133895	50.000000000000	0.00000000000000
1.9300000000000	0.71784540752286	0.40267150139717	50.000000000000	0.00000000000000
1.9355000000000	0.72071276388689	0.39441272146813	50.000000000000	0.00000000000000
1.9410000000000	0.72344559255508	0.38613562021160	50.000000000000	0.00000000000000
1.9465000000000	0.72604471129266	0.37784004038994	50.000000000000	0.00000000000000
1.9520000000000	0.72851082327925	0.36952578954281	50.000000000000	0.00000000000000
1.9575000000000	0.73084451596986	0.36119264082614	50.000000000000	0.00000000000000
1.9630000000000	0.73304625948622	0.35284033404722	50.000000000000	0.00000000000000
1.9685000000000	0.73511640455476	0.34446857692901	50.000000000000	0.00000000000000
1.9740000000000	0.73705518000754	0.33607704663793	50.000000000000	0.00000000000000
1.9795000000000	0.73886268986310	0.32766539161081	50.000000000000	0.00000000000000
1.9850000000000	0.74053891000527	0.31923323371784	50.000000000000	0.00000000000000
1.9905000000000	0.74208368447875	0.31078017079945	50.000000000000	0.00000000000000
1.9960000000000	0.74349672142235	0.30230577961652	50.000000000000	0.00000000000000
2.0015000000000	0.74477758866223	0.29380961925432	50.000000000000	0.00000000000000
2.0070000000000	0.74592570898978	0.28529123502157	50.000000000000	0.00000000000000
2.0125000000000	0.74694035515121	0.27675016288745	50.000000000000	0.00000000000000
2.0180000000000	0.74782064457867	0.26818593449977	50.000000000000	0.00000000000000
2.0235000000000	0.74856553389585	0.25959808282902	50.000000000000	0.00000000000000
2.0290000000000	0.74917381323413	0.25098614848321	50.000000000000	0.00000000000000
2.0345000000000	0.74964410039951	0.24234968673957	50.000000000000	0.00000000000000
2.0400000000000	0.74997483493417	0.23368827533914	50.000000000000	0.00000000000000
2.0455000000000	0.75016427212107	0.22500152309118	50.000000000000	0.00000000000000
2.0510000000000	0.75021047698483	0.21628907933401	50.000000000000	0.00000000000000
2.0565000000000	0.75011131834715	0.20755064429900	50.000000000000	0.00000000000000
2.0620000000000	0.74986446300077	0.19878598042418	50.000000000000	0.00000000000000
2.0675000000000	0.74946737007167	0.18999492466315	50.000000000000	0.00000000000000
2.0730000000000	0.74891728564604	0.18117740183403	50.000000000000	0.00000000000000
2.0785000000000	0.74821123774530	0.17233343905188	50.000000000000	0.00000000000000
2.0840000000000	0.74734603173974	0.16346318128609	50.000000000000	0.00000000000000
2.0895000000000	0.74631824629985	0.15456690808196	50.000000000000	0.00000000000000
2.0950000000000	0.74512422999247	0.14564505148252	50.000000000000	0.00000000000000
2.1005000000000	0.74376009863829	0.13669821518288	50.000000000000	0.00000000000000
2.1060000000000	0.74222173355704	0.12772719494504	50.000000000000	0.00000000000000
2.1115000000000	0.74050478083696	0.11873300029504	50.000000000000	0.00000000000000
2.1170000000000	0.73860465177616	0.10971687751794	50.000000000000	0.00000000000000
2.1225000000000	0.73651652465501	0.10068033395778	50.000000000000	0.00000000000000
2.1280000000000	0.73423534801092	0.091625163620246	50.000000000000	0.00000000000000
2.1335000000000	0.73175584559923	0.082553474064192	50.000000000000	0.00000000000000
2.1390000000000	0.72907252323720	0.073467714555197	50.000000000000	0.00000000000000
2.1445000000000	0.72617967774112	0.064370705438460	50.000000000000	0.00000000000000
2.1500000000000	0.72307140817985	0.055265668670542	50.000000000000	0.00000000000000
2.1555000000000	0.71974162968167	0.046156259428609	50.000000000000	0.00000000000000
2.1610000000000	0.71618409004371	0.037046598691920	50.000000000000	0.00000000000000
2.1665000000000	0.71239238940553	0.027941306663081	50.000000000000	0.00000000000000
2.1720000000000	0.70836000325937	0.018845536865653	50.000000000000	0.00000000000000
2.1775000000000	0.70408030907867	0.0097650107197354	50.000000000000	0.00000000000000
2.1830000000000	0.69954661685359	0.00070605235808826	50.000000000000	0.00000000000000
2.1885000000000	0.69475220382610	-0.0083243765983404	50.000000000000	0.00000000000000
2.1940000000000	0.68969035371769	-0.017318642634747	50.000000000000	0.00000000000000
2.1995000000000	0.68435440073796	-0.026268406688915	50.000000000000	0.00000000000000
2.2050000000000	0.67873777865221	-0.035164591689555	50.000000000000	0.00000000000000
2.2105000000000	0.67283407516919	-0.043997351788412	50.000000000000	0.00000000000000
2.2160000000000	0.66663709188432	-0.052756043854259	50.000000000000	0.00000000000000
2.2215000000000	0.66014090997917	-0.061429201866635	50.000000000000	0.00000000000000
2.2270000000000	0.65333996183161	-0.070004514919857	50.000000000000	0.00000000000000
2.2325000000000	0.64622910863260	-0.078468809621953	50.000000000000	0.00000000000000
2.2380000000000	0.63880372403285	-0.086808037747641	50.000000000000	0.00000000000000
2.2435000000000	0.63105978375411	-0.095007270077192	50.000000000000	0.00000000000000
2.2490000000000	0.62299396099501	-0.10305069742181	50.000000000000	0.00000000000000
2.2545000000000	0.61460372733737	-0.11092163989821	50.000000000000	0.00000000000000
2.2600000000000	0.60588745871702	-0.11860256556735	50.000000000000	0.00000000000000
2.2655000000000	0.59684454586110	-0.12607511959055	50.000000000000	0.00000000000000
2.2710000000000	0.58747550841239	-0.13332016507716	50.000000000000	0.00000000000000
2.2765000000000	0.57778211176169	-0.14031783679596	50.000000000000	0.00000000000000
2.2820000000000	0.56776748539231	-0.14704760889311	50.000000000000	0.00000000000000
2.2875000000000	0.55743624130980	-0.15348837769793	50.000000000000	0.00000000000000
2.2930000000000	0.54679459088858	-0.15961856059762	50.000000000000	0.00000000000000
2.2985000000000	0.53585045822084	-0.16541621181942	50.000000000000	0.00000000000000
2.3040000000000	0.52461358780730	-0.17085915576853	50.000000000000	0.00000000000000
2.3095000000000	0.51309564419438	-0.17592513832792	50.000000000000	0.00000000000000
2.3150000000000	0.50131030094471	-0.18059199623047	50.000000000000	0.00000000000000
2.3205000000000	0.48927331614169	-0.18483784426240	50.000000000000	0.00000000000000
2.3260000000000	0.47700259148322	-0.18864127965126	50.000000000000	0.00000000000000
2.3315000000000	0.46451821192990	-0.19198160253475	50.000000000000	0.00000000000000
2.3370000000000	0.45184246285048	-0.19483905090514	50.000000000000	0.00000000000000
2.3425000000000	0.43899982166681	-0.19719504788607	50.000000000000	0.00000000000000
2.3480000000000	0.42601692115244	-0.19903245863881	50.000000000000	0.00000000000000
2.3535000000000	0.41292248179530	-0.20033585362716	50.000000000000	0.00000000000000
2.3590000000000	0.39974721100167	-0.20109177441634	50.000000000000	0.00000000000000
2.3645000000000	0.38652366740142	-0.20128899766098	50.000000000000	0.00000000000000
2.3700000000000	0.37328608911122	-0.20091879247743	50.000000000000	0.00000000000000
2.3755000000000	0.36007018551827	-0.19997516602022	50.000000000000	0.00000000000000
2.3810000000000	0.34691289294908	-0.19845509181804	50.000000000000	0.00000000000000
2.3865000000000	0.33385209546909	-0.19635871529538	50.000000000000	0.00000000000000
2.3920000000000	0.32092631299296	-0.19368953093306	50.000000000000	0.00000000000000
2.3975000000000	0.30817435984384	-0.19045452572051	50.000000000000	0.00000000000000
2.4030000000000	0.29563497784650	-0.18666428393589	50.000000000000	0.00000000000000
2.4085000000000	0.28334644893563	-0.18233304885833	50.000000000000	0.00000000000000
2.4140000000000	0.27134619306695	-0.17747873776426	50.000000000000	0.00000000000000
2.4195000000000	0.25967035789544	-0.17212290747024	50.000000000000	0.00000000000000
2.4250000000000	0.24835340719553	-0.16629066873354	50.000000000000	0.00000000000000
2.4305000000000	0.23742771531180	-0.16001054897396	50.000000000000	0.00000000000000
2.4360000000000	0.22692317502169	-0.15331430399500	50.000000000000	0.00000000000000
2.4415000000000	0.21686682605170	-0.14623668061230	50.000000000000	0.00000000000000
2.4470000000000	0.20728251111129	-0.13881513329133	50.000000000000	0.00000000000000
2.4525000000000	0.19819056570524	-0.13108949900549	50.000000000000	0.00000000000000
2.4580000000000	0.18960754717497	-0.12310163550032	50.000000000000	0.00000000000000
2.4635000000000	0.18154600743514	-0.11489502894900	50.000000000000	0.00000000000000
2.4690000000000	0.17401431275367	-0.10651437757306	50.000000000000	0.00000000000000
2.4745000000000	0.16701651271986	-0.098005158156814	50.000000000000	0.00000000000000
2.4800000000000	0.16055225930771	-0.089413182491695	50.000000000000	0.00000000000000
2.4855000000000	0.15461677572358	-0.080784150646864	50.000000000000	0.00000000000000
2.4910000000000	0.14920087358072	-0.072163207585957	50.000000000000	0.00000000000000
2.4965000000000	0.14429101591484	-0.063594509059403	50.000000000000	0.00000000000000
2.5000000000000	0.14142207585194	-0.058188532341429	50.000000000000	0.00000000000000
2.5020000000000	0.13986942268607	-0.055120801927936	50.000000000000	0.00000000000000
2.5075000000000	0.13591421473517	-0.046783023154518	50.000000000000	0.00000000000000
2.5130000000000	0.13239959169995	-0.038619920682198	50.000000000000	0.00000000000000
2.5185000000000	0.12929603916436	-0.030667698340016	50.000000000000	0.00000000000000
2.5240000000000	0.12657056031216	-0.022959685834367	50.000000000000	0.00000000000000
2.5295000000000	0.12418692758661	-0.015526033833682	50.000000000000	0.00000000000000
2.5350000000000	0.12210595030397	-0.0083934331816971	50.000000000000	0.00000000000000
2.5405000000000	0.12028575481714	-0.0015848564170131	50.000000000000	0.00000000000000
2.5460000000000	0.11868207465298	0.0048806809321111	50.000000000000	0.00000000000000
2.5515000000000	0.11724854902979	0.010988342338397	50.000000000000	0.00000000000000
2.5570000000000	0.11593702927253	0.016727678935877	50.000000000000	0.00000000000000
2.5625000000000	0.11469789385403	0.022092828326804	50.000000000000	0.00000000000000
2.5680000000000	0.11348037407115	0.027082706849754	50.000000000000	0.00000000000000
2.5735000000000	0.11223289368106	0.031701198182281	50.000000000000	0.00000000000000
2.5790000000000	0.11090342713767	0.035957340405998	50.000000000000	0.00000000000000
2.5845000000000	0.10943988233742	0.039865512585653	50.000000000000	0.00000000000000
2.5900000000000	0.10779051495159	0.043445620479113	50.000000000000	0.00000000000000
2.5955000000000	0.10590438242265	0.046723279175211	50.000000000000	0.00000000000000
2.6000000000000	0.10415033866074	0.049201856284213	50.000000000000	0.00000000000000
2.6010000000000	0.10373184644838	0.049729988228525	50.000000000000	0.00000000000000
2.6065000000000	0.10122513316271	0.052503292210717	50.000000000000	0.00000000000000
2.6120000000000	0.098338960115947	0.055086916530924	50.000000000000	0.00000000000000
2.6175000000000	0.095031238399542	0.057530864924140	50.000000000000	0.00000000000000
2.6230000000000	0.091263856670804	0.059891461239298	50.000000000000	0.00000000000000
2.6285000000000	0.087003551207768	0.062231314207859	50.000000000000	0.00000000000000
2.6340000000000	0.082222862254674	0.064619179944775	50.000000000000	0.00000000000000
2.6395000000000	0.076901171609089	0.067129693325574	50.000000000000	0.00000000000000
2.6450000000000	0.071025809501483	0.069842936503825	50.000000000000	0.00000000000000
2.6505000000000	0.064593210264295	0.072843811205850	50.000000000000	0.00000000000000
2.6560000000000	0.057610086159675	0.076221181698189	50.000000000000	0.00000000000000
2.6615000000000	0.050094577317965	0.080066758184578	50.000000000000	0.00000000000000
2.6670000000000	0.042077323587973	0.084473696597100	50.000000000000	0.00000000000000
2.6725000000000	0.033602392096888	0.089534900980721	50.000000000000	0.00000000000000
2.6780000000000	0.024727983699382	0.095341029419140	50.000000000000	0.00000000000000
2.6835000000000	0.015526833836989	0.10197822384553	50.000000000000	0.00000000000000
2.6890000000000	0.0060862204550596	0.10952560772365	50.000000000000	0.00000000000000
2.6945000000000	-0.0034925045656266	0.11805262237098	50.000000000000	0.00000000000000
2.7000000000000	-0.013094931810442	0.12761630071052	50.000000000000	0.00000000000000
2.7055000000000	-0.022595208180135	0.13825860374659	50.000000000000	0.00000000000000
2.7110000000000	-0.031858266316119	0.15000396665764	50.000000000000	0.00000000000000
2.7165000000000	-0.040742647570445	0.16285721435431	50.000000000000	0.00000000000000
2.7220000000000	-0.049103850250146	0.17680200713102	50.000000000000	0.00000000000000
2.7275000000000	-0.056798086647243	0.19179996297154	50.000000000000	0.00000000000000
2.7330000000000	-0.063686287453063	0.20779057301867	50.000000000000	0.00000000000000
2.7385000000000	-0.069638156374684	0.22469198163252	50.000000000000	0.00000000000000
2.7440000000000	-0.074536056586747	0.24240264560835	50.000000000000	0.00000000000000
2.7495000000000	-0.078278508163548	0.26080382390808	50.000000000000	0.00000000000000
2.7550000000000	-0.080783093694531	0.27976278656839	50.000000000000	0.00000000000000
2.7605000000000	-0.081988606952225	0.29913657662167	50.000000000000	0.00000000000000
2.7660000000000	-0.081856332998205	0.31877611848377	50.000000000000	0.00000000000000
2.7715000000000	-0.080370411433604	0.33853044500353	50.000000000000	0.00000000000000
2.7770000000000	-0.077537300279876	0.35825081523410	50.000000000000	0.00000000000000
2.7825000000000	-0.073384418796592	0.37779451502816	50.000000000000	0.00000000000000
2.7880000000000	-0.067958097112970	0.39702816919582	50.000000000000	0.00000000000000
2.7935000000000	-0.061320994598099	0.41583044174627	50.000000000000	0.00000000000000
2.7990000000000	-0.053549165616945	0.43409405338760	50.000000000000	0.00000000000000
2.8045000000000	-0.044728951326502	0.45172709692914	50.000000000000	0.00000000000000
2.8100000000000	-0.034953862026611	0.46865367654162	50.000000000000	0.00000000000000
2.8155000000000	-0.024321590110180	0.48481393260272	50.000000000000	0.00000000000000
2.8210000000000	-0.012931263153205	0.50016353846928	50.000000000000	0.00000000000000
2.8265000000000	-0.00088101424230673	0.51467276895647	50.000000000000	0.00000000000000
2.8320000000000	0.011734084334862	0.52832524379745	50.000000000000	0.00000000000000
2.8375000000000	0.024823704954231	0.54111644492631	50.000000000000	0.00000000000000
2.8430000000000	0.038303568658584	0.55305209644754	50.000000000000	0.00000000000000
2.8485000000000	0.052096387641734	0.56414648299068	50.000000000000	0.00000000000000
2.8540000000000	0.066132474618000	0.57442076789832	50.000000000000	0.00000000000000
2.8595000000000	0.080350052589523	0.58390135904663	50.000000000000	0.00000000000000
2.8650000000000	0.094695299753541	0.59261835826146	50.000000000000	0.00000000000000
2.8705000000000	0.10912216288602	0.60060412100983	50.000000000000	0.00000000000000
2.8760000000000	0.12359196977705	0.60789194660399	50.000000000000	0.00000000000000
2.8815000000000	0.13807286839296	0.61451491543039	50.000000000000	0.00000000000000
2.8870000000000	0.15253911845949	0.62050488821311	50.000000000000	0.00000000000000
2.8925000000000	0.16697026090995	0.62589168221007	50.000000000000	0.00000000000000
2.8980000000000	0.18135019257655	0.63070243942818	50.000000000000	0.00000000000000
2.9035000000000	0.19566617761290	0.63496120117824	50.000000000000	0.00000000000000
2.9090000000000	0.20990783286013	0.63868870033786	50.000000000000	0.00000000000000
2.9145000000000	0.22406613057051	0.64190237657019	50.000000000000	0.00000000000000
2.9200000000000	0.23813246695959	0.64461661001008	50.000000000000	0.00000000000000
2.9255000000000	0.25209784710341	0.64684315591590	50.000000000000	0.00000000000000
2.9310000000000	0.26595223400988	0.64859174775582	50.000000000000	0.00000000000000
2.9365000000000	0.27968410116660	0.64987082127140	50.000000000000	0.00000000000000
2.9420000000000	0.29328021344800	0.65068829987829	50.000000000000	0.00000000000000
2.9475000000000	0.30672564218801	0.65105237493132	50.000000000000	0.00000000000000
2.9530000000000	0.32000399893162	0.65097221479932	50.000000000000	0.00000000000000
2.9585000000000	0.33309785207252	0.65045854499508	50.000000000000	0.00000000000000
2.9640000000000	0.34598927451305	0.64952405687224	50.000000000000	0.00000000000000
2.9695000000000	0.35866046117027	0.64818362231776	50.000000000000	0.00000000000000
2.9750000000000	0.37109435379983	0.64645431324822	50.000000000000	0.00000000000000
2.9805000000000	0.38327521687044	0.64435524425949	50.000000000000	0.00000000000000
2.9860000000000	0.39518912039708	0.64190727180266	50.000000000000	0.00000000000000
2.9915000000000	0.40682430119153	0.63913259221324	50.000000000000	0.00000000000000
2.9970000000000	0.41817139019118	0.63605428353399	50.000000000000	0.00000000000000
3.0025000000000	0.42922350804978	0.63269583317964	50.000000000000	0.00000000000000
3.0080000000000	0.43997624245004	0.62908068663841	50.000000000000	0.00000000000000
3.0135000000000	0.45042752793402	0.62523184338720	50.000000000000	0.00000000000000
3.0190000000000	0.46057745252099	0.62117151667557	50.000000000000	0.00000000000000
3.0245000000000	0.47042801560735	0.61692086508048	50.000000000000	0.00000000000000
3.0300000000000	0.47998285950850	0.61249979654234	50.000000000000	0.00000000000000
3.0355000000000	0.48924699343580	0.60792684030084	50.000000000000	0.00000000000000
3.0410000000000	0.49822652451938	0.60321907874209	50.000000000000	0.00000000000000
3.0465000000000	0.50692840630837	0.59839212940277	50.000000000000	0.00000000000000
3.0520000000000	0.51536021141267	0.59346016689845	50.000000000000	0.00000000000000
3.0575000000000	0.52352993181103	0.58843597497518	50.000000000000	0.00000000000000
3.0630000000000	0.53144580791238	0.58333101988408	50.000000000000	0.00000000000000
3.0685000000000	0.53911618569241	0.57815553757184	50.000000000000	0.00000000000000
3.0740000000000	0.54654940005166	0.57291862855894	50.000000000000	0.00000000000000
3.0795000000000	0.55375368184475	0.56762835570761	50.000000000000	0.00000000000000
3.0850000000000	0.56073708570075	0.56229184127749	50.000000000000	0.00000000000000
3.0905000000000	0.56750743568840	0.55691536069256	50.000000000000	0.00000000000000
3.0960000000000	0.57407228599160	0.55150443128517	50.000000000000	0.00000000000000
3.1015000000000	0.58043889398121	0.54606389495085	50.000000000000	0.00000000000000
3.1070000000000	0.58661420334765	0.54059799416002	50.000000000000	0.00000000000000
3.1125000000000	0.59260483525900	0.53511044115149	50.000000000000	0.00000000000000
3.1180000000000	0.59841708580665	0.52960448040296	50.000000000000	0.00000000000000
3.1235000000000	0.60405692827974	0.52408294465668	50.000000000000	0.00000000000000
3.1290000000000	0.60953001906268	0.51854830489462	50.000000000000	0.00000000000000
3.1345000000000	0.61484170617274	0.51300271472368	50.000000000000	0.00000000000000
3.1400000000000	0.61999703964645	0.50744804965987	50.000000000000	0.00000000000000
3.1455000000000	0.62500078314661	0.50188594180444	50.000000000000	0.00000000000000
3.1510000000000	0.62985742629708	0.49631781038954	50.000000000000	0.00000000000000
3.1565000000000	0.63457119736464	0.49074488864611	50.000000000000	0.00000000000000
3.1620000000000	0.63914607599845	0.48516824741387	50.000000000000	0.00000000000000
3.1675000000000	0.64358580581097	0.47958881587790	50.000000000000	0.00000000000000
3.1730000000000	0.64789390664342	0.47400739977992	50.000000000000	0.00000000000000
3.1785000000000	0.65207368640490	0.46842469741650	50.000000000000	0.00000000000000
3.1840000000000	0.65612825241107	0.46284131370253	50.000000000000	0.00000000000000
3.1895000000000	0.66006052217636	0.45725777254648	50.000000000000	0.00000000000000
3.1950000000000	0.66387323363535	0.45167452775488	50.000000000000	0.00000000000000
3.2005000000000	0.66756895478529	0.44609197265738	50.000000000000	0.00000000000000
3.2060000000000	0.67115009275389	0.44051044861967	50.000000000000	0.00000000000000
3.2115000000000	0.67461890230538	0.43493025259097	50.000000000000	0.00000000000000
3.2170000000000	0.67797749380399	0.42935164381401	50.000000000000	0.00000000000000
3.2225000000000	0.68122784065842	0.42377484980894	50.000000000000	0.00000000000000
3.2280000000000	0.68437178627340	0.41820007172849	50.000000000000	0.00000000000000
3.2335000000000	0.68741105053606	0.41262748916890	50.000000000000	0.00000000000000
3.2390000000000	0.69034723586563	0.40705726451047	50.000000000000	0.00000000000000
3.2445000000000	0.69318183285467	0.40148954685173	50.000000000000	0.00000000000000
3.2500000000000	0.69591622553011	0.39592447559327	50.000000000000	0.00000000000000
3.2555000000000	0.69855169626099	0.39036218371983	50.000000000000	0.00000000000000
3.2610000000000	0.70108943033941	0.38480280082322	50.000000000000	0.00000000000000
3.2665000000000	0.70353052025958	0.37924645590305	50.000000000000	0.00000000000000
3.2720000000000	0.70587596971918	0.37369327997770	50.000000000000	0.00000000000000
3.2775000000000	0.70812669736535	0.36814340853390	50.000000000000	0.00000000000000
3.2830000000000	0.71028354030727	0.36259698383960	50.000000000000	0.00000000000000
3.2885000000000	0.71234725741528	0.35705415714193	50.000000000000	0.00000000000000
3.2940000000000	0.71431853242601	0.35151509076930	50.000000000000	0.00000000000000
3.2995000000000	0.71619797687155	0.34597996015436	50.000000000000	0.00000000000000
3.3050000000000	0.71798613284986	0.34044895579255	50.000000000000	0.00000000000000
3.3105000000000	0.71968347565265	0.33492228514906	50.000000000000	0.00000000000000
3.3160000000000	0.72129041626621	0.32940017452577	50.000000000000	0.00000000000000
3.3215000000000	0.72280730375970	0.32388287089795	50.000000000000	0.00000000000000
3.3270000000000	0.72423442757492	0.31837064372956	50.000000000000	0.00000000000000
3.3325000000000	0.72557201973089	0.31286378677482	50.000000000000	0.00000000000000
3.3380000000000	0.72682025695598	0.30736261987271	50.000000000000	0.00000000000000
3.3435000000000	0.72797926275982	0.30186749074022	50.000000000000	0.00000000000000
3.3490000000000	0.72904910945681	0.29637877676929	50.000000000000	0.00000000000000
3.3545000000000	0.73002982015286	0.29089688683169	50.000000000000	0.00000000000000
3.3600000000000	0.73092137070616	0.28542226309534	50.000000000000	0.00000000000000
3.3655000000000	0.73172369167313	0.27995538285496	50.000000000000	0.00000000000000
3.3710000000000	0.73243667024995	0.27449676037926	50.000000000000	0.00000000000000
3.3765000000000	0.73306015222013	0.26904694877627	50.000000000000	0.00000000000000
3.3820000000000	0.73359394391837	0.26360654187784	50.000000000000	0.00000000000000
3.3875000000000	0.73403781422073	0.25817617614367	50.000000000000	0.00000000000000
3.3930000000000	0.73439149657108	0.25275653258474	50.000000000000	0.00000000000000
3.3985000000000	0.73465469105375	0.24734833870541	50.000000000000	0.00000000000000
3.4040000000000	0.73482706652206	0.24195237046253	50.000000000000	0.00000000000000
3.4095000000000	0.73490826279249	0.23656945423985	50.000000000000	0.00000000000000
3.4150000000000	0.73489789291411	0.23120046883484	50.000000000000	0.00000000000000
3.4205000000000	0.73479554552274	0.22584634745457	50.000000000000	0.00000000000000
3.4260000000000	0.73460078728937	0.22050807971666	50.000000000000	0.00000000000000
3.4315000000000	0.73431316547222	0.21518671365041	50.000000000000	0.00000000000000
3.4370000000000	0.73393221058161	0.20988335769261	50.000000000000	0.00000000000000
3.4425000000000	0.73345743916676	0.20459918267166	50.000000000000	0.00000000000000
3.4480000000000	0.73288835673353	0.19933542377272	50.000000000000	0.00000000000000
3.4535000000000	0.73222446080172	0.19409338247596	50.000000000000	0.00000000000000
3.4590000000000	0.73146524411046	0.18887442845878	50.000000000000	0.00000000000000
3.4645000000000	0.73061019797973	0.18368000145224	50.000000000000	0.00000000000000
3.4700000000000	0.72965881583593	0.17851161304068	50.000000000000	0.00000000000000
3.4755000000000	0.72861059690864	0.17337084839272	50.000000000000	0.00000000000000
3.4810000000000	0.72746505010555	0.16825936791064	50.000000000000	0.00000000000000
3.4865000000000	0.72622169807147	0.16317890878425	50.000000000000	0.00000000000000
3.4920000000000	0.72488008143719	0.15813128643406	50.000000000000	0.00000000000000
3.4975000000000	0.72343976326259	0.15311839582766	50.000000000000	0.00000000000000
3.5030000000000	0.72190033367780	0.14814221265208	50.000000000000	0.00000000000000
3.5085000000000	0.72026141472511	0.14320479432368	50.000000000000	0.00000000000000
3.5140000000000	0.71852266540293	0.13830828081626	50.000000000000	0.00000000000000
3.5195000000000	0.71668378691220	0.13345489528677	50.000000000000	0.00000000000000
3.5250000000000	0.71474452810365	0.12864694447723	50.000000000000	0.00000000000000
3.5305000000000	0.71270469112303	0.12388681887037	50.000000000000	0.00000000000000
3.5360000000000	0.71056413724966	0.11917699257561	50.000000000000	0.00000000000000
3.5415000000000	0.70832279292145	0.11452002292118	50.000000000000	0.00000000000000
3.5470000000000	0.70598065593758	0.10991854972769	50.000000000000	0.00000000000000
3.5525000000000	0.70353780182779	0.10537529423758	50.000000000000	0.00000000000000
3.5580000000000	0.70099439037469	0.10089305767470	50.000000000000	0.00000000000000
3.5635000000000	0.69835067227280	0.096474719407976	50.000000000000	0.00000000000000
3.5690000000000	0.69560699590551	0.092123234693129	50.000000000000	0.00000000000000
3.5745000000000	0.69276381421800	0.087841631966493	50.000000000000	0.00000000000000
3.5800000000000	0.68982169166115	0.083633009665671	50.000000000000	0.00000000000000
3.5855000000000	0.68678131117846	0.079500532552258	50.000000000000	0.00000000000000
3.5910000000000	0.68364348120445	0.075447427513211	50.000000000000	0.00000000000000
3.5965000000000	0.68040914264001	0.071476978818613	50.000000000000	0.00000000000000
3.6020000000000	0.67707937576644	0.067592522815504	50.000000000000	0.00000000000000
3.6075000000000	0.67365540705691	0.063797442039614	50.000000000000	0.00000000000000
3.6130000000000	0.67013861584033	0.060095158729416	50.000000000000	0.00000000000000
3.6185000000000	0.66653054076973	0.056489127729908	50.000000000000	0.00000000000000
3.6240000000000	0.66283288604383	0.052982828777105	50.000000000000	0.00000000000000
3.6295000000000	0.65904752732758	0.049579758158112	50.000000000000	0.00000000000000
3.6350000000000	0.65517651731498	0.046283419746054	50.000000000000	0.00000000000000
3.6405000000000	0.65122209087457	0.043097315414069	50.000000000000	0.00000000000000
3.6460000000000	0.64718666971651	0.040024934837883	50.000000000000	0.00000000000000
3.6515000000000	0.64307286651815	0.037069744702226	50.000000000000	0.00000000000000
3.6570000000000	0.63888348844404	0.034235177332565	50.000000000000	0.00000000000000
3.6625000000000	0.63462153999580	0.031524618780242	50.000000000000	0.00000000000000
3.6680000000000	0.63029022512742	0.028941396395817	50.000000000000	0.00000000000000
3.6735000000000	0.62589294856230	0.026488765932817	50.000000000000	0.00000000000000
3.6790000000000	0.62143331625003	0.024169898231201	50.000000000000	0.00000000000000
3.6845000000000	0.61691513490331	0.021987865537432	50.000000000000	0.00000000000000
3.6900000000000	0.61234241055874	0.019945627525610	50.000000000000	0.00000000000000
3.6955000000000	0.60771934610935	0.018046017091319	50.000000000000	0.00000000000000
3.7010000000000	0.60305033776213	0.016291725997274	50.000000000000	0.00000000000000
3.7065000000000	0.59833997037967	0.014685290456664	50.000000000000	0.00000000000000
3.7120000000000	0.59359301167223	0.013229076746538	50.000000000000	0.00000000000000
3.7175000000000	0.58881440521476	0.011925266949580	50.000000000000	0.00000000000000
3.7230000000000	0.58400926227190	0.010775844927734	50.000000000000	0.00000000000000
3.7285000000000	0.57918285242408	0.0097825826355493	50.000000000000	0.00000000000000
3.7340000000000	0.57434059299827	0.0089470268845529	50.000000000000	0.00000000000000
3.7395000000000	0.56948803731807	0.0082704866721756	50.000000000000	0.00000000000000
3.7450000000000	0.56463086179943	0.0077540211899815	50.000000000000	0.00000000000000
3.7505000000000	0.55977485193091	0.0073984286257052	50.000000000000	0.00000000000000
3.7560000000000	0.55492588718910	0.0072042358719685	50.000000000000	0.00000000000000
3.7615000000000	0.55008992495284	0.0071716892516312	50.000000000000	0.00000000000000
3.7670000000000	0.54527298349213	0.0073007463650595	50.000000000000	0.00000000000000
3.7725000000000	0.54048112411946	0.0075910691586439	50.000000000000	0.00000000000000
3.7780000000000	0.53572043260327	0.0080420183062658	50.000000000000	0.00000000000000
3.7835000000000	0.53099699995381	0.0086526489864185	50.000000000000	0.00000000000000
3.7890000000000	0.52631690270188	0.0094217081272452	50.000000000000	0.00000000000000
3.7945000000000	0.52168618279968	0.010347633180000	50.000000000000	0.00000000000000
3.8000000000000	0.51711082728072	0.011428552468530	50.000000000000	0.00000000000000
3.8055000000000	0.51259674782177	0.012662287148471	50.000000000000	0.00000000000000
3.8110000000000	0.50814976035459	0.014046354795001	50.000000000000	0.00000000000000
3.8165000000000	0.50377556487777	0.015577974622644	50.000000000000	0.00000000000000
3.8220000000000	0.49947972562035	0.017254074324747	50.000000000000	0.00000000000000
3.8275000000000	0.49526765170777	0.019071298504269	50.000000000000	0.00000000000000
3.8330000000000	0.49114457847812	0.021026018651537	50.000000000000	0.00000000000000
3.8385000000000	0.48711554959202	0.023114344609075	50.000000000000	0.00000000000000
3.8440000000000	0.48318540007295	0.025332137448462	50.000000000000	0.00000000000000
3.8495000000000	0.47935874040662	0.027675023670039	50.000000000000	0.00000000000000
3.8550000000000	0.47563994181806	0.030138410622964	50.000000000000	0.00000000000000
3.8605000000000	0.47203312283379	0.032717503031269	50.000000000000	0.00000000000000
3.8660000000000	0.46854213722351	0.035407320500949	50.000000000000	0.00000000000000
3.8715000000000	0.46517056340222	0.038202715874256	50.000000000000	0.00000000000000
3.8770000000000	0.46192169535861	0.041098394290134	50.000000000000	0.00000000000000
3.8825000000000	0.45879853516021	0.044088932804336	50.000000000000	0.00000000000000
3.8880000000000	0.45580378707023	0.047168800419279	50.000000000000	0.00000000000000
3.8935000000000	0.45293985329451	0.050332378372066	50.000000000000	0.00000000000000
3.8990000000000	0.45020883136149	0.053573980529368	50.000000000000	0.00000000000000
3.9045000000000	0.44761251312222	0.056887873740014	50.000000000000	0.00000000000000
3.9100000000000	0.44515238534262	0.060268297999969	50.000000000000	0.00000000000000
3.9155000000000	0.44282963184551	0.063709486289927	50.000000000000	0.00000000000000
3.9210000000000	0.44064513714693	0.067205683952774	50.000000000000	0.00000000000000
3.9265000000000	0.43859949151890	0.070751167486561	50.000000000000	0.00000000000000
3.9320000000000	0.43669299739963	0.074340262638176	50.000000000000	0.00000000000000
3.9375000000000	0.43492567706271	0.077967361693467	50.000000000000	0.00000000000000
3.9430000000000	0.43329728144870	0.081626939870853	50.000000000000	0.00000000000000
3.9485000000000	0.43180730005550	0.085313570737409	50.000000000000	0.00000000000000
3.9540000000000	0.43045497177920	0.089021940578637	50.000000000000	0.00000000000000
3.9595000000000	0.42923929659285	0.092746861665667	50.000000000000	0.00000000000000
3.9650000000000	0.42815904794897	0.096483284375990	50.000000000000	0.00000000000000
3.9705000000000	0.42721278579031	0.10022630813619	50.000000000000	0.00000000000000
3.9760000000000	0.42639887005428	0.10397119116698	50.000000000000	0.00000000000000
3.9815000000000	0.42571547455817	0.10771335902233	50.000000000000	0.00000000000000
3.9870000000000	0.42516060115502	0.11144841192530	50.000000000000	0.00000000000000
3.9925000000000	0.42473209405423	0.11517213091313	50.000000000000	0.00000000000000
3.9980000000000	0.42442765420565	0.11888048281383	50.000000000000	0.00000000000000
4.0035000000000	0.42424485365147	0.12256962408431	50.000000000000	0.00000000000000
4.0090000000000	0.42418114975663	0.12623590354819	50.000000000000	0.00000000000000
4.0145000000000	0.42423389923473	0.12987586407770	50.000000000000	0.00000000000000
4.0200000000000	0.42440037189417	0.13348624326963	50.000000000000	0.00000000000000
4.0255000000000	0.42467776403567	0.13706397317016	50.000000000000	0.00000000000000
4.0310000000000	0.42506321144069	0.14060617910698	50.000000000000	0.00000000000000
4.0365000000000	0.42555380189677	0.14411017769008	50.000000000000	0.00000000000000
4.0420000000000	0.42614658721399	0.14757347404449	50.000000000000	0.00000000000000
4.0475000000000	0.42683859469340	0.15099375833957	50.000000000000	0.00000000000000
4.0530000000000	0.42762683801542	0.15436890167988	50.000000000000	0.00000000000000
4.0585000000000	0.42850832752294	0.15769695142252	50.000000000000	0.00000000000000
4.0640000000000	0.42948007988010	0.16097612598501	50.000000000000	0.00000000000000
4.0695000000000	0.43053912709353	0.16420480920657	50.000000000000	0.00000000000000
4.0750000000000	0.43168252488862	0.16738154432378	50.000000000000	0.00000000000000
4.0805000000000	0.43290736043809	0.17050502761943	50.000000000000	0.00000000000000
4.0860000000000	0.43421075944512	0.17357410180118	50.000000000000	0.00000000000000
4.0915000000000	0.43558989258705	0.17658774916337	50.000000000000	0.00000000000000
4.0970000000000	0.43704198132962	0.17954508458302	50.000000000000	0.00000000000000
4.1025000000000	0.43856430312490	0.18244534839736	50.000000000000	0.00000000000000
4.1080000000000	0.44015419600876	0.18528789920754	50.000000000000	0.00000000000000
4.1135000000000	0.44180906261623	0.18807220664958	50.000000000000	0.00000000000000
4.1190000000000	0.44352637363502	0.19079784417062	50.000000000000	0.00000000000000
4.1245000000000	0.44530367071915	0.19346448184521	50.000000000000	0.00000000000000
4.1300000000000	0.44713856888580	0.19607187926318	50.000000000000	0.00000000000000
4.1355000000000	0.44902875841964	0.19861987851771	50.000000000000	0.00000000000000
4.1410000000000	0.45097200630934	0.20110839731922	50.000000000000	0.00000000000000
4.1465000000000	0.45296615724158	0.20353742225771	50.000000000000	0.00000000000000
4.1520000000000	0.45500913417791	0.20590700223380	50.000000000000	0.00000000000000
4.1575000000000	0.45709893853983	0.20821724207588	50.000000000000	0.00000000000000
4.1630000000000	0.45923365002730	0.21046829635863	50.000000000000	0.00000000000000
4.1685000000000	0.46141142609552	0.21266036343595	50.000000000000	0.00000000000000
4.1740000000000	0.46363050111425	0.21479367969900	50.000000000000	0.00000000000000
4.1795000000000	0.46588918523344	0.21686851406864	50.000000000000	0.00000000000000
4.1850000000000	0.46818586297835	0.21888516272952	50.000000000000	0.00000000000000
4.1905000000000	0.47051899159636	0.22084394411147	50.000000000000	0.00000000000000
4.1960000000000	0.47288709917711	0.22274519412267	50.000000000000	0.00000000000000
4.2015000000000	0.47528878256674	0.22458926163773	50.000000000000	0.00000000000000
4.2070000000000	0.47772270509608	0.22637650424238	50.000000000000	0.00000000000000
4.2125000000000	0.48018759414191	0.22810728423596	50.000000000000	0.00000000000000
4.2180000000000	0.48268223853952	0.22978196489166	50.000000000000	0.00000000000000
4.2235000000000	0.48520548586399	0.23140090697370	50.000000000000	0.00000000000000
4.2290000000000	0.48775623959684	0.23296446551012	50.000000000000	0.00000000000000
4.2345000000000	0.49033345619383	0.23447298681907	50.000000000000	0.00000000000000
4.2400000000000	0.49293614206912	0.23592680578617	50.000000000000	0.00000000000000
4.2455000000000	0.49556335051016	0.23732624338972	50.000000000000	0.00000000000000
4.2510000000000	0.49821417853709	0.23867160447061	50.000000000000	0.00000000000000
4.2565000000000	0.50088776371966	0.23996317574305	50.000000000000	0.00000000000000
4.2620000000000	0.50358328096448	0.24120122404203	50.000000000000	0.00000000000000
4.2675000000000	0.50629993928427	0.24238599480339	50.000000000000	0.00000000000000
4.2730000000000	0.50903697856094	0.24351771077176	50.000000000000	0.00000000000000
4.2785000000000	0.51179366631332	0.24459657093172	50.000000000000	0.00000000000000
4.2840000000000	0.51456929448021	0.24562274965718	50.000000000000	0.00000000000000
4.2895000000000	0.51736317622905	0.24659639607383	50.000000000000	0.00000000000000
4.2950000000000	0.52017464279993	0.24751763362931	50.000000000000	0.00000000000000
4.3005000000000	0.52300304039452	0.24838655986548	50.000000000000	0.00000000000000
4.3060000000000	0.52584772711913	0.24920324638718	50.000000000000	0.00000000000000
4.3115000000000	0.52870806999066	0.24996773902143	50.000000000000	0.00000000000000
4.3170000000000	0.53158344201417	0.25068005816097	50.000000000000	0.00000000000000
4.3225000000000	0.53447321934025	0.25134019928566	50.000000000000	0.00000000000000
4.3280000000000	0.53737677851033	0.25194813365531	50.000000000000	0.00000000000000
4.3335000000000	0.54029349379751	0.25250380916685	50.000000000000	0.00000000000000
4.3390000000000	0.54322273465060	0.25300715136890	50.000000000000	0.00000000000000
4.3445000000000	0.54616386324823	0.25345806462626	50.000000000000	0.00000000000000
4.3500000000000	0.54911623217017	0.25385643342661	50.000000000000	0.00000000000000
4.3555000000000	0.55207918219220	0.25420212382160	50.000000000000	0.00000000000000
4.3610000000000	0.55505204021075	0.25449498499386	50.000000000000	0.00000000000000
4.3665000000000	0.55803411730320	0.25473485094162	50.000000000000	0.00000000000000
4.3720000000000	0.56102470692910	0.25492154227191	50.000000000000	0.00000000000000
4.3775000000000	0.56402308327749	0.25505486809330	50.000000000000	0.00000000000000
4.3830000000000	0.56702849976471	0.25513462799874	50.000000000000	0.00000000000000
4.3885000000000	0.57004018768684	0.25516061412882	50.000000000000	0.00000000000000
4.3940000000000	0.57305735503031	0.25513261330555	50.000000000000	0.00000000000000
4.3995000000000	0.57607918544365	0.25505040922644	50.000000000000	0.00000000000000
4.4050000000000	0.57910483737288	0.25491378470858	50.000000000000	0.00000000000000
4.4105000000000	0.58213344336231	0.25472252397213	50.000000000000	0.00000000000000
4.4160000000000	0.58516410952200	0.25447641495259	50.000000000000	0.00000000000000
4.4215000000000	0.58819591516239	0.25417525163110	50.000000000000	0.00000000000000
4.4270000000000	0.59122791259610	0.25381883637180	50.000000000000	0.00000000000000
4.4325000000000	0.59425912710588	0.25340698225565	50.000000000000	0.00000000000000
4.4380000000000	0.59728855707745	0.25293951539970	50.000000000000	0.00000000000000
4.4435000000000	0.60031517429485	0.25241627725118	50.000000000000	0.00000000000000
4.4490000000000	0.60333792439539	0.25183712684591	50.000000000000	0.00000000000000
4.4545000000000	0.60635572748066	0.25120194302060	50.000000000000	0.00000000000000
4.4600000000000	0.60936747887902	0.25051062656892	50.000000000000	0.00000000000000
4.4655000000000	0.61237205005486	0.24976310233170	50.000000000000	0.00000000000000
4.4710000000000	0.61536828965856	0.24895932121163	50.000000000000	0.00000000000000
4.4765000000000	0.61835502471103	0.24809926210372	50.000000000000	0.00000000000000
4.4820000000000	0.62133106191569	0.24718293373287	50.000000000000	0.00000000000000
4.4875000000000	0.62429518909043	0.24621037639064	50.000000000000	0.00000000000000
4.4930000000000	0.62724617671134	0.24518166356387	50.000000000000	0.00000000000000
4.4985000000000	0.63018277955961	0.24409690344839	50.000000000000	0.00000000000000
4.5040000000000	0.63310373846254	0.24295624034178	50.000000000000	0.00000000000000
4.5095000000000	0.63600778211929	0.24175985590983	50.000000000000	0.00000000000000
4.5150000000000	0.63889362900138	0.24050797032205	50.000000000000	0.00000000000000
4.5205000000000	0.64175998931813	0.23920084325247	50.000000000000	0.00000000000000
4.5260000000000	0.64460556703651	0.23783877474260	50.000000000000	0.00000000000000
4.5315000000000	0.64742906194531	0.23642210592441	50.000000000000	0.00000000000000
4.5370000000000	0.65022917175281	0.23495121960175	50.000000000000	0.00000000000000
4.5425000000000	0.65300459420777	0.23342654068982	50.000000000000	0.00000000000000
4.5480000000000	0.65575402923316	0.23184853651261	50.000000000000	0.00000000000000
4.5535000000000	0.65847618106242	0.23021771695949	50.000000000000	0.00000000000000
4.5590000000000	0.66116976036816	0.22853463450273	50.000000000000	0.00000000000000
4.5645000000000	0.66383348637351	0.22679988407828	50.000000000000	0.00000000000000
4.5700000000000	0.66646608893660	0.22501410283325	50.000000000000	0.00000000000000
4.5755000000000	0.66906631059908	0.22317796974398	50.000000000000	0.00000000000000
4.5810000000000	0.67163290859003	0.22129220510916	50.000000000000	0.00000000000000
4.5865000000000	0.67416465677712	0.21935756992336	50.000000000000	0.00000000000000
4.5920000000000	0.67666034755721	0.21737486513657	50.000000000000	0.00000000000000
4.5975000000000	0.67911879367950	0.21534493080607	50.000000000000	0.00000000000000
4.6030000000000	0.68153882999467	0.21326864514725	50.000000000000	0.00000000000000
4.6085000000000	0.68391931512404	0.21114692349054	50.000000000000	0.00000000000000
4.6140000000000	0.68625913304383	0.20898071715169	50.000000000000	0.00000000000000
4.6195000000000	0.68855719457964	0.20677101222331	50.000000000000	0.00000000000000
4.6250000000000	0.69081243880763	0.20451882829529	50.000000000000	0.00000000000000
4.6305000000000	0.69302383435897	0.20222521711225	50.000000000000	0.00000000000000
4.6360000000000	0.69519038062517	0.19989126117623	50.000000000000	0.00000000000000
4.6415000000000	0.69731110886258	0.19751807230252	50.000000000000	0.00000000000000
4.6470000000000	0.69938508319470	0.19510679013691	50.000000000000	0.00000000000000
4.6525000000000	0.70141140151194	0.19265858064244	50.000000000000	0.00000000000000
4.6580000000000	0.70338919626896	0.19017463456337	50.000000000000	0.00000000000000
4.6635000000000	0.70531763518021	0.18765616587425	50.000000000000	0.00000000000000
4.6690000000000	0.70719592181510	0.18510441022154	50.000000000000	0.00000000000000
4.6745000000000	0.70902329609453	0.18252062336499	50.000000000000	0.00000000000000
4.6800000000000	0.71079903469125	0.17990607962577	50.000000000000	0.00000000000000
4.6855000000000	0.71252245133677	0.17726207034786	50.000000000000	0.00000000000000
4.6910000000000	0.71419289703812	0.17458990237904	50.000000000000	0.00000000000000
4.6965000000000	0.71580976020818	0.17189089657726	50.000000000000	0.00000000000000
4.7020000000000	0.71737246671342	0.16916638634780	50.000000000000	0.00000000000000
4.7075000000000	0.71888047984362	0.16641771621632	50.000000000000	0.00000000000000
4.7130000000000	0.72033330020794	0.16364624044224	50.000000000000	0.00000000000000
4.7185000000000	0.72173046556229	0.16085332167669	50.000000000000	0.00000000000000
4.7240000000000	0.72307155057296	0.15804032966863	50.000000000000	0.00000000000000
4.7295000000000	0.72435616652182	0.15520864002236	50.000000000000	0.00000000000000
4.7350000000000	0.72558396095814	0.15235963300912	50.000000000000	0.00000000000000
4.7405000000000	0.72675461730263	0.14949469243519	50.000000000000	0.00000000000000
4.7460000000000	0.72786785440901	0.14661520456824	50.000000000000	0.00000000000000
4.7515000000000	0.72892342608849	0.14372255712338	50.000000000000	0.00000000000000
4.7570000000000	0.72992112060267	0.14081813830997	50.000000000000	0.00000000000000
4.7625000000000	0.73086076013012	0.13790333593957	50.000000000000	0.00000000000000
4.7680000000000	0.73174220021197	0.13497953659555	50.000000000000	0.00000000000000
4.7735000000000	0.73256532918167	0.13204812486377	50.000000000000	0.00000000000000
4.7790000000000	0.73333006758394	0.12911048262406	50.000000000000	0.00000000000000
4.7845000000000	0.73403636758786	0.12616798840153	50.000000000000	0.00000000000000
4.7900000000000	0.73468421239884	0.12322201677632	50.000000000000	0.00000000000000
4.7955000000000	0.73527361567393	0.12027393785051	50.000000000000	0.00000000000000
4.8010000000000	0.73580462094506	0.11732511677010	50.000000000000	0.00000000000000
4.8065000000000	0.73627730105404	0.11437691330021	50.000000000000	0.00000000000000
4.8120000000000	0.73669175760365	0.11143068145086	50.000000000000	0.00000000000000
4.8175000000000	0.73704812042817	0.10848776915109	50.000000000000	0.00000000000000
4.8230000000000	0.73734654708704	0.10554951796837	50.000000000000	0.00000000000000
4.8285000000000	0.73758722238487	0.10261726287040	50.000000000000	0.00000000000000
4.8340000000000	0.73777035792069	0.099692332026184	50.000000000000	0.00000000000000
4.8395000000000	0.73789619166928	0.096776046643023	50.000000000000	0.00000000000000
4.8450000000000	0.73796498759700	0.093869720835974	50.000000000000	0.00000000000000
4.8505000000000	0.73797703531438	0.090974661526186	50.000000000000	0.00000000000000
4.8560000000000	0.73793264976738	0.088092168364441	50.000000000000	0.00000000000000
4.8615000000000	0.73783217096919	0.085223533676106	50.000000000000	0.00000000000000
4.8670000000000	0.73767596377376	0.082370042423605	50.000000000000	0.00000000000000
4.8725000000000	0.73746441769255	0.079532972182494	50.000000000000	0.00000000000000
4.8780000000000	0.73719794675512	0.076713593127129	50.000000000000	0.00000000000000
4.8835000000000	0.73687698941453	0.073913168021915	50.000000000000	0.00000000000000
4.8890000000000	0.73650200849779	0.071132952213994	50.000000000000	0.00000000000000
4.8945000000000	0.73607349120149	0.068374193623383	50.000000000000	0.00000000000000
4.9000000000000	0.73559194913268	0.065638132726342	50.000000000000	0.00000000000000
4.9055000000000	0.73505791839442	0.062926002527957	50.000000000000	0.00000000000000
4.9110000000000	0.73447195971560	0.060239028519812	50.000000000000	0.00000000000000
4.9165000000000	0.73383465862400	0.057578428618627	50.000000000000	0.00000000000000
4.9220000000000	0.73314662566145	0.054945413081920	50.000000000000	0.00000000000000
4.9275000000000	0.73240849663988	0.052341184396601	50.000000000000	0.00000000000000
4.9330000000000	0.73162093293636	0.049766937136596	50.000000000000	0.00000000000000
4.9385000000000	0.73078462182545	0.047223857785598	50.000000000000	0.00000000000000
4.9440000000000	0.72990027684642	0.044713124521149	50.000000000000	0.00000000000000
4.9495000000000	0.72896863820325	0.042235906956323	50.000000000000	0.00000000000000
4.9550000000000	0.72799047319438	0.039793365835395	50.000000000000	0.00000000000000
4.9605000000000	0.72696657666944	0.037386652679976	50.000000000000	0.00000000000000
4.9660000000000	0.72589777150970	0.035016909382243	50.000000000000	0.00000000000000
4.9715000000000	0.72478490912870	0.032685267742050	50.000000000000	0.00000000000000
4.9770000000000	0.72362886998937	0.030392848944796	50.000000000000	0.00000000000000
4.9825000000000	0.72243056413358	0.028140762977193	50.000000000000	0.00000000000000
4.9880000000000	0.72119093171986	0.025930107978216	50.000000000000	0.00000000000000
4.9935000000000	0.71991094356475	0.023761969522709	50.000000000000	0.00000000000000
4.9990000000000	0.71859160168295	0.021637419835454	50.000000000000	0.00000000000000
5.0045000000000	0.71723393982134	0.019557516933621	50.000000000000	0.00000000000000
5.0100000000000	0.71583902398140	0.017523303695931	50.000000000000	0.00000000000000
5.0155000000000	0.71440795292472	0.015535806857042	50.000000000000	0.00000000000000
5.0210000000000	0.71294185865560	0.013596035926107	50.000000000000	0.00000000000000
5.0265000000000	0.71144190687504	0.011704982028663	50.000000000000	0.00000000000000
5.0320000000000	0.70990929739973	0.0098636166715213	50.000000000000	0.00000000000000
5.0375000000000	0.70834526453981	0.0080728904306169	50.000000000000	0.00000000000000
5.0430000000000	0.70675107742880	0.0063337315622400	50.000000000000	0.00000000000000
5.0485000000000	0.70512804029914	0.0046470445385191	50.000000000000	0.00000000000000
5.0540000000000	0.70347749269639	0.0030137085084760	50.000000000000	0.00000000000000
5.0595000000000	0.70180080962536	0.0014345756864737	50.000000000000	0.00000000000000
5.0650000000000	0.70009940162113	-8.9530329580816e-005	50.000000000000	0.00000000000000
5.0705000000000	0.69837471473795	-0.0015578163074340	50.000000000000	0.00000000000000
5.0760000000000	0.69662823044920	-0.0029695211936150	50.000000000000	0.00000000000000
5.0815000000000	0.69486146545126	-0.0043239179864999	50.000000000000	0.00000000000000
5.0870000000000	0.69307597136458	-0.0056203156646897	50.000000000000	0.00000000000000
5.0925000000000	0.69127333432527	-0.0068580611654947	50.000000000000	0.00000000000000
5.0980000000000	0.68945517446054	-0.0080365414076765	50.000000000000	0.00000000000000
5.1035000000000	0.68762314524181	-0.0091551853520055	50.000000000000	0.00000000000000
5.1090000000000	0.68577893270950	-0.010213466092526	50.000000000000	0.00000000000000
5.1145000000000	0.68392425456370	-0.011210902970835	50.000000000000	0.00000000000000
5.1200000000000	0.68206085911565	-0.012147063705035	50.000000000000	0.00000000000000
5.1255000000000	0.68019052409513	-0.013021566524422	50.000000000000	0.00000000000000
5.1310000000000	0.67831505530951	-0.013834082300390	50.000000000000	0.00000000000000
5.1365000000000	0.67643628515090	-0.014584336663465	50.000000000000	0.00000000000000
5.1420000000000	0.67455607094823	-0.015272112095834	50.000000000000	0.00000000000000
5.1475000000000	0.67267629316213	-0.015897249988256	50.000000000000	0.00000000000000
5.1530000000000	0.67079885342096	-0.016459652649812	50.000000000000	0.00000000000000
5.1585000000000	0.66892567239744	-0.016959285258477	50.000000000000	0.00000000000000
5.1640000000000	0.66705868752606	-0.017396177740235	50.000000000000	0.00000000000000
5.1695000000000	0.66519985056233	-0.017770426564136	50.000000000000	0.00000000000000
5.1750000000000	0.66335112498624	-0.018082196440528	50.000000000000	0.00000000000000
5.1805000000000	0.66151448325303	-0.018331721909497	50.000000000000	0.00000000000000
5.1860000000000	0.65969190389542	-0.018519308806624	50.000000000000	0.00000000000000
5.1915000000000	0.65788536848299	-0.018645335593077	50.000000000000	0.00000000000000
5.1970000000000	0.65609685844493	-0.018710254537433	50.000000000000	0.00000000000000
5.2025000000000	0.65432835176404	-0.018714592736493	50.000000000000	0.00000000000000
5.2080000000000	0.65258181955057	-0.018658952963222	50.000000000000	0.00000000000000
5.2135000000000	0.65085922250602	-0.018544014329928	50.000000000000	0.00000000000000
5.2190000000000	0.64916250728797	-0.018370532755683	50.000000000000	0.00000000000000
5.2245000000000	0.64749360278779	-0.018139341227572	50.000000000000	0.00000000000000
5.2300000000000	0.64585441633489	-0.017851349846118	50.000000000000	0.00000000000000
5.2355000000000	0.64424682984130	-0.017507545646238	50.000000000000	0.00000000000000
5.2410000000000	0.64267269590196	-0.017108992185963	50.000000000000	0.00000000000000
5.2465000000000	0.64113383386662	-0.016656828896532	50.000000000000	0.00000000000000
5.2520000000000	0.63963202590011	-0.016152270188216	50.000000000000	0.00000000000000
5.2575000000000	0.63816901304837	-0.015596604308143	50.000000000000	0.00000000000000
5.2630000000000	0.63674649132841	-0.014991191947229	50.000000000000	0.00000000000000
5.2685000000000	0.63536610786029	-0.014337464595116	50.000000000000	0.00000000000000
5.2740000000000	0.63402945706024	-0.013636922643315	50.000000000000	0.00000000000000
5.2795000000000	0.63273807691355	-0.012891133238568	50.000000000000	0.00000000000000
5.2850000000000	0.63149344534629	-0.012101727889724	50.000000000000	0.00000000000000
5.2905000000000	0.63029697671462	-0.011270399833163	50.000000000000	0.00000000000000
5.2960000000000	0.62915001843040	-0.010398901163766	50.000000000000	0.00000000000000
5.3015000000000	0.62805384774102	-0.0094890397391220	50.000000000000	0.00000000000000
5.3070000000000	0.62700966868117	-0.0085426758674129	50.000000000000	0.00000000000000
5.3125000000000	0.62601860921325	-0.0075617187899451	50.000000000000	0.00000000000000
5.3180000000000	0.62508171857259	-0.0065481229713648	50.000000000000	0.00000000000000
5.3235000000000	0.62419996483216	-0.0055038842116559	50.000000000000	0.00000000000000
5.3290000000000	0.62337423270075	-0.0044310355955595	50.000000000000	0.00000000000000
5.3345000000000	0.62260532156712	-0.0033316432961407	50.000000000000	0.00000000000000
5.3400000000000	0.62189394380120	-0.0022078022501531	50.000000000000	0.00000000000000
5.3455000000000	0.62124072332187	-0.0010616317241434	50.000000000000	0.00000000000000
5.3510000000000	0.62064619443975	0.00010472920929518	50.000000000000	0.00000000000000
5.3565000000000	0.62011080098092	0.0012891262648634	50.000000000000	0.00000000000000
5.3620000000000	0.61963489569669	0.0024893945868279	50.000000000000	0.00000000000000
5.3675000000000	0.61921873996211	0.0037033634190592	50.000000000000	0.00000000000000
5.3730000000000	0.61886250376449	0.0049288607819191	50.000000000000	0.00000000000000
5.3785000000000	0.61856626598129	0.0061637181344933	50.000000000000	0.00000000000000
5.3840000000000	0.61833001494507	0.0074057750014120	50.000000000000	0.00000000000000
5.3895000000000	0.61815364929135	0.0086528835432382	50.000000000000	0.00000000000000
5.3950000000000	0.61803697908345	0.0099029130506579	50.000000000000	0.00000000000000
5.4005000000000	0.61797972720718	0.011153754342518	50.000000000000	0.00000000000000
5.4060000000000	0.61798153102616	0.012403324049149	50.000000000000	0.00000000000000
5.4115000000000	0.61804194428714	0.013649568763162	50.000000000000	0.00000000000000
5.4170000000000	0.61816043926409	0.014890469040745	50.000000000000	0.00000000000000
5.4225000000000	0.61833640912743	0.016124043238158	50.000000000000	0.00000000000000
5.4280000000000	0.61856917052439	0.017348351168679	50.000000000000	0.00000000000000
5.4335000000000	0.61885796635558	0.018561497567305	50.000000000000	0.00000000000000
5.4390000000000	0.61920196873139	0.019761635351500	50.000000000000	0.00000000000000
5.4445000000000	0.61960028209182	0.020946968667827	50.000000000000	0.00000000000000
5.4500000000000	0.62005194647219	0.022115755715812	50.000000000000	0.00000000000000
5.4555000000000	0.62055594089734	0.023266311342177	50.000000000000	0.00000000000000
5.4610000000000	0.62111118688605	0.024397009399519	50.000000000000	0.00000000000000
5.4665000000000	0.62171655204796	0.025506284865795	50.000000000000	0.00000000000000
5.4720000000000	0.62237085375451	0.026592635721736	50.000000000000	0.00000000000000
5.4775000000000	0.62307286286645	0.027654624585489	50.000000000000	0.00000000000000
5.4830000000000	0.62382130749992	0.028690880104616	50.000000000000	0.00000000000000
5.4885000000000	0.62461487681409	0.029700098107285	50.000000000000	0.00000000000000
5.4940000000000	0.62545222480341	0.030681042515827	50.000000000000	0.00000000000000
5.4995000000000	0.62633197407870	0.031632546026720	50.000000000000	0.00000000000000
5.5050000000000	0.62725271962131	0.032553510562611	50.000000000000	0.00000000000000
5.5105000000000	0.62821303249583	0.033442907502769	50.000000000000	0.00000000000000
5.5160000000000	0.62921146350766	0.034299777699426	50.000000000000	0.00000000000000
5.5215000000000	0.63024654679228	0.035123231288286	50.000000000000	0.00000000000000
5.5270000000000	0.63131680332465	0.035912447302151	50.000000000000	0.00000000000000
5.5325000000000	0.63242074433736	0.036666673097627	50.000000000000	0.00000000000000
5.5380000000000	0.63355687463788	0.037385223604801	50.000000000000	0.00000000000000
5.5435000000000	0.63472369581585	0.038067480410920	50.000000000000	0.00000000000000
5.5490000000000	0.63591970933258	0.038712890688862	50.000000000000	0.00000000000000
5.5545000000000	0.63714341948579	0.039320965981930	50.000000000000	0.00000000000000
5.5600000000000	0.63839333624381	0.039891280856295	50.000000000000	0.00000000000000
5.5655000000000	0.63966797794440	0.040423471432775	50.000000000000	0.00000000000000
5.5710000000000	0.64096587385414	0.040917233809315	50.000000000000	0.00000000000000
5.5765000000000	0.64228556658562	0.041372322385919	50.000000000000	0.00000000000000
5.5820000000000	0.64362561437021	0.041788548103077	50.000000000000	0.00000000000000
5.5875000000000	0.64498459318522	0.042165776605090	50.000000000000	0.00000000000000
5.5930000000000	0.64636109873504	0.042503926338863	50.000000000000	0.00000000000000
5.5985000000000	0.64775374828662	0.042802966598843	50.000000000000	0.00000000000000
5.6040000000000	0.64916118236022	0.043062915528322	50.000000000000	0.00000000000000
5.6095000000000	0.65058206627724	0.043283838086599	50.000000000000	0.00000000000000
5.6150000000000	0.65201509156727	0.043465843991603	50.000000000000	0.00000000000000
5.6205000000000	0.65345897723726	0.043609085646594	50.000000000000	0.00000000000000
5.6260000000000	0.65491247090600	0.043713756059371	50.000000000000	0.00000000000000
5.6315000000000	0.65637434980775	0.043780086761855	50.000000000000	0.00000000000000
5.6370000000000	0.65784342166891	0.043808345737377	50.000000000000	0.00000000000000
5.6425000000000	0.65931852546238	0.043798835362353	50.000000000000	0.00000000000000
5.6480000000000	0.66079853204398	0.043751890368830	50.000000000000	0.00000000000000
5.6535000000000	0.66228234467614	0.043667875833540	50.000000000000	0.00000000000000
5.6590000000000	0.66376889944367	0.043547185198695	50.000000000000	0.00000000000000
5.6645000000000	0.66525716556701	0.043390238329376	50.000000000000	0.00000000000000
5.6700000000000	0.66674614561808	0.043197479611646	50.000000000000	0.00000000000000
5.6755000000000	0.66823487564428	0.042969376095268	50.000000000000	0.00000000000000
5.6810000000000	0.66972242520584	0.042706415684231	50.000000000000	0.00000000000000
5.6865000000000	0.67120789733206	0.042409105378071	50.000000000000	0.00000000000000
5.6920000000000	0.67269042840157	0.042077969566291	50.000000000000	0.00000000000000
5.6975000000000	0.67416918795207	0.041713548378044	50.000000000000	0.00000000000000
5.7030000000000	0.67564337842463	0.041316396088671	50.000000000000	0.00000000000000
5.7085000000000	0.67711223484761	0.040887079584387	50.000000000000	0.00000000000000
5.7140000000000	0.67857502446522	0.040426176886110	50.000000000000	0.00000000000000
5.7195000000000	0.68003104631542	0.039934275733063	50.000000000000	0.00000000000000
5.7250000000000	0.68147963076188	0.039411972226512	50.000000000000	0.00000000000000
5.7305000000000	0.68292013898449	0.038859869533713	50.000000000000	0.00000000000000
5.7360000000000	0.68435196243268	0.038278576651936	50.000000000000	0.00000000000000
5.7415000000000	0.68577452224566	0.037668707232180	50.000000000000	0.00000000000000
5.7470000000000	0.68718726864362	0.037030878461969	50.000000000000	0.00000000000000
5.7525000000000	0.68858968029355	0.036365710006502	50.000000000000	0.00000000000000
5.7580000000000	0.68998126365322	0.035673823007190	50.000000000000	0.00000000000000
5.7635000000000	0.69136155229679	0.034955839136533	50.000000000000	0.00000000000000
5.7690000000000	0.69273010622506	0.034212379708112	50.000000000000	0.00000000000000
5.7745000000000	0.69408651116356	0.033444064840394	50.000000000000	0.00000000000000
5.7800000000000	0.69543037785103	0.032651512672944	50.000000000000	0.00000000000000
5.7855000000000	0.69676134132106	0.031835338633546	50.000000000000	0.00000000000000
5.7910000000000	0.69807906017927	0.030996154754697	50.000000000000	0.00000000000000
5.7965000000000	0.69938321587831	0.030134569037840	50.000000000000	0.00000000000000
5.8020000000000	0.70067351199263	0.029251184863721	50.000000000000	0.00000000000000
5.8075000000000	0.70194967349517	0.028346600447168	50.000000000000	0.00000000000000
5.8130000000000	0.70321144603751	0.027421408334601	50.000000000000	0.00000000000000
5.8185000000000	0.70445859523517	0.026476194942578	50.000000000000	0.00000000000000
5.8240000000000	0.70569090595958	0.025511540135633	50.000000000000	0.00000000000000
5.8295000000000	0.70690818163793	0.024528016841750	50.000000000000	0.00000000000000
5.8350000000000	0.70811024356215	0.023526190703723	50.000000000000	0.00000000000000
5.8405000000000	0.70929693020813	0.022506619764779	50.000000000000	0.00000000000000
5.8460000000000	0.71046809656598	0.021469854186765	50.000000000000	0.00000000000000
5.8515000000000	0.71162361348235	0.020416435999311	50.000000000000	0.00000000000000
5.8570000000000	0.71276336701538	0.019346898878366	50.000000000000	0.00000000000000
5.8625000000000	0.71388725780301	0.018261767952523	50.000000000000	0.00000000000000
5.8680000000000	0.71499520044515	0.017161559635669	50.000000000000	0.00000000000000
5.8735000000000	0.71608712290018	0.016046781484433	50.000000000000	0.00000000000000
5.8790000000000	0.71716296589611	0.014917932079031	50.000000000000	0.00000000000000
5.8845000000000	0.71822268235675	0.013775500926090	50.000000000000	0.00000000000000
5.8900000000000	0.71926623684309	0.012619968382155	50.000000000000	0.00000000000000
5.8955000000000	0.72029360501007	0.011451805596522	50.000000000000	0.00000000000000
5.9010000000000	0.72130477307884	0.010271474472207	50.000000000000	0.00000000000000
5.9065000000000	0.72229973732457	0.0090794276438142	50.000000000000	0.00000000000000
5.9120000000000	0.72327850357977	0.0078761084711760	50.000000000000	0.00000000000000
5.9175000000000	0.72424108675317	0.0066619510476360	50.000000000000	0.00000000000000
5.9230000000000	0.72518751036404	0.0054373802219445	50.000000000000	0.00000000000000
5.9285000000000	0.72611780609172	0.0042028116327437	50.000000000000	0.00000000000000
5.9340000000000	0.72703201334049	0.0029586517546876	50.000000000000	0.00000000000000
5.9395000000000	0.72793017881921	0.0017052979552729	50.000000000000	0.00000000000000
5.9450000000000	0.72881235613598	0.00044313856150868	50.000000000000	0.00000000000000
5.9505000000000	0.72967860540713	-0.00082744706438602	50.000000000000	0.00000000000000
5.9560000000000	0.73052899288069	-0.0021060884410670	50.000000000000	0.00000000000000
5.9615000000000	0.73136359057378	-0.0033924238766639	50.000000000000	0.00000000000000
5.9670000000000	0.73218247592385	-0.0046861003705880	50.000000000000	0.00000000000000
5.9725000000000	0.73298573145336	-0.0059867735092406	50.000000000000	0.00000000000000
5.9780000000000	0.73377344444755	-0.0072941073562162	50.000000000000	0.00000000000000
5.9835000000000	0.73454570664523	-0.0086077743376202	50.000000000000	0.00000000000000
5.9890000000000	0.73530261394192	-0.0099274551230466	50.000000000000	0.00000000000000
5.9945000000000	0.73604426610529	-0.011252838502731	50.000000000000	0.00000000000000
6.0000000000000	0.73677076650251	-0.012583621261385	50.000000000000	0.00000000000000
