#Parameters = {Disk_Antenna_1_cable_length=200; Disk_Antenna_1_S11_target_top=-16; Disk_Antenna_1_center_frequency=2.05; Disk_Antenna_1_central_pipe_radius=2.5; Disk_Antenna_1_connector_inner_diameter=1.74; Disk_Antenna_1_connector_outer_diameter=4; Disk_Antenna_1_direction_disks_diameter_1=63.843616018016; Disk_Antenna_1_direction_disks_diameter_2=27.53184776458; Disk_Antenna_1_direction_disks_diameter_3=31.051367460625; Disk_Antenna_1_direction_disks_diameter_4=42.855452727028; Disk_Antenna_1_direction_disks_diameter_5=29.061253429702; Disk_Antenna_1_direction_disks_diameter_6=28.90789592708; Disk_Antenna_1_disk_metallization_thickness=0.5; Disk_Antenna_1_frequency_range=0.3; Disk_Antenna_1_inter_direction_disks_distance_1=25.905004659592; Disk_Antenna_1_inter_direction_disks_distance_2=26.472634988343; Disk_Antenna_1_inter_direction_disks_distance_3=34.857105569127; Disk_Antenna_1_inter_direction_disks_distance_4=34.1347359059; Disk_Antenna_1_inter_direction_disks_distance_5=30.997665516191; Disk_Antenna_1_line_direction_disk_distance=9.0977533418569; Disk_Antenna_1_line_disk_diameter=81.515894514316; Disk_Antenna_1_main_line_disks_distance=7.8585000984128; Disk_Antenna_1_main_reflector_diameter=139.93411235029; Disk_Antenna_1_number_direction_disk=6; Disk_Antenna_1_nut_diameter=8; Disk_Antenna_1_nut_height=1; Disk_Antenna_1_nut_thickness=3; Disk_Antenna_1_optimisation_range=0.2; Disk_Antenna_1_port_connection_offset=26.9633041455}
#"Frequency / GHz"	"S1,1 (1) [Re]"	"S1,1 (1) [Im]"	"Ref.Imp. [Re]"	"Ref.Imp. [Im]"
#---------------------------------------------------------------------------------
0.50000000000000	-0.59598130889069	-0.78992275515650	50.000000000000	0.00000000000000
0.50550000000000	-0.64308244107075	-0.75215508238009	50.000000000000	0.00000000000000
0.51100000000000	-0.68784460354456	-0.71156247922981	50.000000000000	0.00000000000000
0.51650000000000	-0.73009870863464	-0.66827738824207	50.000000000000	0.00000000000000
0.52200000000000	-0.76968237008840	-0.62244211687936	50.000000000000	0.00000000000000
0.52750000000000	-0.80644042417396	-0.57420851450575	50.000000000000	0.00000000000000
0.53300000000000	-0.84022542957926	-0.52373762587582	50.000000000000	0.00000000000000
0.53850000000000	-0.87089814480087	-0.47119932341697	50.000000000000	0.00000000000000
0.54400000000000	-0.89832798192416	-0.41677192075230	50.000000000000	0.00000000000000
0.54950000000000	-0.92239343592392	-0.36064177007286	50.000000000000	0.00000000000000
0.55500000000000	-0.94298248885933	-0.30300284612206	50.000000000000	0.00000000000000
0.56050000000000	-0.95999298859250	-0.24405631970785	50.000000000000	0.00000000000000
0.56600000000000	-0.97333300193266	-0.18401012381060	50.000000000000	0.00000000000000
0.57150000000000	-0.98292114239424	-0.12307851551227	50.000000000000	0.00000000000000
0.57700000000000	-0.98868687306432	-0.061481637142308	50.000000000000	0.00000000000000
0.58250000000000	-0.99057078540224	0.00055491977795925	50.000000000000	0.00000000000000
0.58800000000000	-0.98852485515239	0.062800543995507	50.000000000000	0.00000000000000
0.59350000000000	-0.98251267694524	0.12502002334228	50.000000000000	0.00000000000000
0.59900000000000	-0.97250967960599	0.18697394855776	50.000000000000	0.00000000000000
0.60450000000000	-0.95850332469916	0.24841909739957	50.000000000000	0.00000000000000
0.61000000000000	-0.94049329143469	0.30910879387257	50.000000000000	0.00000000000000
0.61550000000000	-0.91849165177438	0.36879323684987	50.000000000000	0.00000000000000
0.62100000000000	-0.89252304044718	0.42721979166952	50.000000000000	0.00000000000000
0.62650000000000	-0.86262482566037	0.48413323743700	50.000000000000	0.00000000000000
0.63200000000000	-0.82884728765097	0.53927596170900	50.000000000000	0.00000000000000
0.63750000000000	-0.79125381395351	0.59238809293163	50.000000000000	0.00000000000000
0.64300000000000	-0.74992112249396	0.64320755940488	50.000000000000	0.00000000000000
0.64850000000000	-0.70493952652925	0.69147006158172	50.000000000000	0.00000000000000
0.65400000000000	-0.65641325927423	0.73690894211461	50.000000000000	0.00000000000000
0.65950000000000	-0.60446088111844	0.77925493515608	50.000000000000	0.00000000000000
0.66500000000000	-0.54921579908121	0.81823577292320	50.000000000000	0.00000000000000
0.67050000000000	-0.49082693720936	0.85357562337415	50.000000000000	0.00000000000000
0.67600000000000	-0.42945960885373	0.88499432797174	50.000000000000	0.00000000000000
0.68150000000000	-0.36529665839185	0.91220640293926	50.000000000000	0.00000000000000
0.68700000000000	-0.29853996271528	0.93491976129547	50.000000000000	0.00000000000000
0.69250000000000	-0.22941241412021	0.95283410668622	50.000000000000	0.00000000000000
0.69800000000000	-0.15816054961743	0.96563894447585	50.000000000000	0.00000000000000
0.70350000000000	-0.085058052104315	0.97301115243878	50.000000000000	0.00000000000000
0.70900000000000	-0.010410433474484	0.97461205594444	50.000000000000	0.00000000000000
0.71450000000000	0.065438671176095	0.97008396672550	50.000000000000	0.00000000000000
0.72000000000000	0.14209900095229	0.95904618097852	50.000000000000	0.00000000000000
0.72550000000000	0.21912212312579	0.94109051110899	50.000000000000	0.00000000000000
0.73100000000000	0.29598567293283	0.91577658067178	50.000000000000	0.00000000000000
0.73650000000000	0.37207173756294	0.88262740602089	50.000000000000	0.00000000000000
0.74200000000000	0.44663709176330	0.84112633133721	50.000000000000	0.00000000000000
0.74750000000000	0.51877211900921	0.79071737203732	50.000000000000	0.00000000000000
0.75300000000000	0.58734414798427	0.73081280017525	50.000000000000	0.00000000000000
0.75850000000000	0.65091971254226	0.66081497263857	50.000000000000	0.00000000000000
0.76400000000000	0.70765935704732	0.58016496431900	50.000000000000	0.00000000000000
0.76950000000000	0.75517936160733	0.48844011084755	50.000000000000	0.00000000000000
0.77500000000000	0.79038043906101	0.38553826034473	50.000000000000	0.00000000000000
0.78050000000000	0.80926161505680	0.27201026202476	50.000000000000	0.00000000000000
0.78600000000000	0.80678386415564	0.14963168687231	50.000000000000	0.00000000000000
0.79150000000000	0.77695035412235	0.022321329069836	50.000000000000	0.00000000000000
0.79700000000000	0.71346047237614	-0.10254701874520	50.000000000000	0.00000000000000
0.80250000000000	0.61155090389855	-0.21268978740267	50.000000000000	0.00000000000000
0.80800000000000	0.47169335991633	-0.29033743342020	50.000000000000	0.00000000000000
0.81350000000000	0.30488166739541	-0.31474307331262	50.000000000000	0.00000000000000
0.81900000000000	0.13638885366692	-0.27011904183119	50.000000000000	0.00000000000000
0.82450000000000	0.0017919982769468	-0.15730134389078	50.000000000000	0.00000000000000
0.83000000000000	-0.067545562491444	0.00011307791167223	50.000000000000	0.00000000000000
0.83550000000000	-0.060335490826779	0.16424777847306	50.000000000000	0.00000000000000
0.84100000000000	0.011562244593728	0.30077465899376	50.000000000000	0.00000000000000
0.84650000000000	0.12374459086778	0.39093172154500	50.000000000000	0.00000000000000
0.85200000000000	0.25191385315124	0.43152612025179	50.000000000000	0.00000000000000
0.85750000000000	0.37834724982068	0.42857026675546	50.000000000000	0.00000000000000
0.86300000000000	0.49250431510584	0.39123877147354	50.000000000000	0.00000000000000
0.86850000000000	0.58914182678044	0.32846471118780	50.000000000000	0.00000000000000
0.87400000000000	0.66622391436142	0.24768112534842	50.000000000000	0.00000000000000
0.87950000000000	0.72340588722779	0.15468030437264	50.000000000000	0.00000000000000
0.88500000000000	0.76111797869617	0.053892226284544	50.000000000000	0.00000000000000
0.89050000000000	0.78007173504989	-0.051253444956744	50.000000000000	0.00000000000000
0.89600000000000	0.78102147583357	-0.15800560974694	50.000000000000	0.00000000000000
0.90150000000000	0.76466822783529	-0.26403904563636	50.000000000000	0.00000000000000
0.90700000000000	0.73164050489339	-0.36726524710973	50.000000000000	0.00000000000000
0.91250000000000	0.68251695534243	-0.46569285775261	50.000000000000	0.00000000000000
0.91800000000000	0.61787388022627	-0.55732484286626	50.000000000000	0.00000000000000
0.92350000000000	0.53835064413433	-0.64008343523063	50.000000000000	0.00000000000000
0.92900000000000	0.44473135492356	-0.71175828876292	50.000000000000	0.00000000000000
0.93450000000000	0.33804373120259	-0.76997766106262	50.000000000000	0.00000000000000
0.94000000000000	0.21967660226444	-0.81220686499188	50.000000000000	0.00000000000000
0.94550000000000	0.091516047347652	-0.83578277816994	50.000000000000	0.00000000000000
0.95100000000000	-0.043903700126216	-0.83799769196621	50.000000000000	0.00000000000000
0.95650000000000	-0.18324558840009	-0.81624942348234	50.000000000000	0.00000000000000
0.96200000000000	-0.32223346533229	-0.76827562411826	50.000000000000	0.00000000000000
0.96750000000000	-0.45557141273185	-0.69248551663924	50.000000000000	0.00000000000000
0.97300000000000	-0.57697281315183	-0.58838762846182	50.000000000000	0.00000000000000
0.97850000000000	-0.67936595495461	-0.45708331750381	50.000000000000	0.00000000000000
0.98400000000000	-0.75534055480775	-0.30175221729772	50.000000000000	0.00000000000000
0.98950000000000	-0.79786780965722	-0.12800496685013	50.000000000000	0.00000000000000
0.99500000000000	-0.80125515463206	0.056058095911731	50.000000000000	0.00000000000000
1.0005000000000	-0.76219244753723	0.24023356872977	50.000000000000	0.00000000000000
1.0060000000000	-0.68064441069436	0.41311291857207	50.000000000000	0.00000000000000
1.0115000000000	-0.56030495260178	0.56340023147055	50.000000000000	0.00000000000000
1.0170000000000	-0.40840468286991	0.68138393249519	50.000000000000	0.00000000000000
1.0225000000000	-0.23485076596574	0.76019667822341	50.000000000000	0.00000000000000
1.0280000000000	-0.050900807327781	0.79654170471163	50.000000000000	0.00000000000000
1.0335000000000	0.13228196279670	0.79074200613781	50.000000000000	0.00000000000000
1.0390000000000	0.30484560361546	0.74619036548501	50.000000000000	0.00000000000000
1.0445000000000	0.45902001416464	0.66843594964386	50.000000000000	0.00000000000000
1.0500000000000	0.58939581968670	0.56418271079369	50.000000000000	0.00000000000000
1.0555000000000	0.69280203112344	0.44041448130058	50.000000000000	0.00000000000000
1.0610000000000	0.76793380575732	0.30375896272366	50.000000000000	0.00000000000000
1.0665000000000	0.81487669998624	0.16011029324746	50.000000000000	0.00000000000000
1.0720000000000	0.83463367848133	0.014472739667633	50.000000000000	0.00000000000000
1.0775000000000	0.82871433440782	-0.12903327988284	50.000000000000	0.00000000000000
1.0830000000000	0.79880845912950	-0.26705865964953	50.000000000000	0.00000000000000
1.0885000000000	0.74654303771615	-0.39684754335112	50.000000000000	0.00000000000000
1.0940000000000	0.67331137612809	-0.51601641968528	50.000000000000	0.00000000000000
1.0995000000000	0.58016217936130	-0.62229490208372	50.000000000000	0.00000000000000
1.1050000000000	0.46774319962247	-0.71321469225395	50.000000000000	0.00000000000000
1.1105000000000	0.33631040680652	-0.78571315600159	50.000000000000	0.00000000000000
1.1160000000000	0.18584813087238	-0.83559327071428	50.000000000000	0.00000000000000
1.1215000000000	0.016420281319874	-0.85675403586535	50.000000000000	0.00000000000000
1.1270000000000	-0.17096390466543	-0.84009651695334	50.000000000000	0.00000000000000
1.1325000000000	-0.37234205582162	-0.77211781703712	50.000000000000	0.00000000000000
1.1380000000000	-0.57639406476100	-0.63377193299161	50.000000000000	0.00000000000000
1.1435000000000	-0.75576273253981	-0.40218426948517	50.000000000000	0.00000000000000
1.1490000000000	-0.85420086514176	-0.062924466668273	50.000000000000	0.00000000000000
1.1545000000000	-0.78336275419197	0.35429869696325	50.000000000000	0.00000000000000
1.1600000000000	-0.47260837706912	0.72785090408381	50.000000000000	0.00000000000000
1.1655000000000	0.018033434798396	0.88019161412536	50.000000000000	0.00000000000000
1.1710000000000	0.49007757729150	0.74745913734256	50.000000000000	0.00000000000000
1.1765000000000	0.79008944829565	0.44051892668481	50.000000000000	0.00000000000000
1.1820000000000	0.90617687561271	0.10205598408699	50.000000000000	0.00000000000000
1.1875000000000	0.89610628712795	-0.19210349909009	50.000000000000	0.00000000000000
1.1930000000000	0.81625902635655	-0.42278407100770	50.000000000000	0.00000000000000
1.1985000000000	0.70299138680761	-0.59496913509252	50.000000000000	0.00000000000000
1.2040000000000	0.57647838376462	-0.71961404000776	50.000000000000	0.00000000000000
1.2095000000000	0.44722636328318	-0.80710916949022	50.000000000000	0.00000000000000
1.2150000000000	0.32052626949490	-0.86573686428689	50.000000000000	0.00000000000000
1.2205000000000	0.19895897332711	-0.90174117058500	50.000000000000	0.00000000000000
1.2260000000000	0.083716164901437	-0.91976517208566	50.000000000000	0.00000000000000
1.2315000000000	-0.024717004387668	-0.92327797178365	50.000000000000	0.00000000000000
1.2370000000000	-0.12621025192496	-0.91490738852813	50.000000000000	0.00000000000000
1.2425000000000	-0.22080678423909	-0.89668053831636	50.000000000000	0.00000000000000
1.2480000000000	-0.30862989289402	-0.87019318857463	50.000000000000	0.00000000000000
1.2535000000000	-0.38983534502116	-0.83672816486646	50.000000000000	0.00000000000000
1.2590000000000	-0.46458776474497	-0.79733836355446	50.000000000000	0.00000000000000
1.2645000000000	-0.53304960712745	-0.75290538674821	50.000000000000	0.00000000000000
1.2700000000000	-0.59537670185752	-0.70418136519328	50.000000000000	0.00000000000000
1.2755000000000	-0.65171715866952	-0.65181911230191	50.000000000000	0.00000000000000
1.2810000000000	-0.70221191966544	-0.59639410536668	50.000000000000	0.00000000000000
1.2865000000000	-0.74699604474505	-0.53842068267201	50.000000000000	0.00000000000000
1.2920000000000	-0.78620024961689	-0.47836410171051	50.000000000000	0.00000000000000
1.2975000000000	-0.81995245118203	-0.41664960240336	50.000000000000	0.00000000000000
1.3030000000000	-0.84837920268884	-0.35366927880575	50.000000000000	0.00000000000000
1.3085000000000	-0.87160696958263	-0.28978732958928	50.000000000000	0.00000000000000
1.3140000000000	-0.88976323294506	-0.22534409632865	50.000000000000	0.00000000000000
1.3195000000000	-0.90297742545878	-0.16065918598761	50.000000000000	0.00000000000000
1.3250000000000	-0.91138171306241	-0.096033894550958	50.000000000000	0.00000000000000
1.3305000000000	-0.91511163841095	-0.031753092157640	50.000000000000	0.00000000000000
1.3360000000000	-0.91430664245782	0.031913310604923	50.000000000000	0.00000000000000
1.3415000000000	-0.90911047933232	0.094709225116194	50.000000000000	0.00000000000000
1.3470000000000	-0.89967153797372	0.15639150733583	50.000000000000	0.00000000000000
1.3525000000000	-0.88614308211439	0.21672928805672	50.000000000000	0.00000000000000
1.3580000000000	-0.86868341839278	0.27550347010367	50.000000000000	0.00000000000000
1.3635000000000	-0.84745600072287	0.33250636066859	50.000000000000	0.00000000000000
1.3690000000000	-0.82262947758945	0.38754141366924	50.000000000000	0.00000000000000
1.3745000000000	-0.79437768768416	0.44042306209341	50.000000000000	0.00000000000000
1.3800000000000	-0.76287960823534	0.49097662415563	50.000000000000	0.00000000000000
1.3855000000000	-0.72831925949978	0.53903827004845	50.000000000000	0.00000000000000
1.3910000000000	-0.69088556815418	0.58445503833690	50.000000000000	0.00000000000000
1.3965000000000	-0.65077219173290	0.62708489278694	50.000000000000	0.00000000000000
1.4020000000000	-0.60817730578540	0.66679681175917	50.000000000000	0.00000000000000
1.4075000000000	-0.56330335505842	0.70347090333129	50.000000000000	0.00000000000000
1.4130000000000	-0.51635676973001	0.73699854010723	50.000000000000	0.00000000000000
1.4185000000000	-0.46754764752264	0.76728250828143	50.000000000000	0.00000000000000
1.4240000000000	-0.41708940239232	0.79423716599675	50.000000000000	0.00000000000000
1.4295000000000	-0.36519838041979	0.81778860639535	50.000000000000	0.00000000000000
1.4350000000000	-0.31209344351229	0.83787482104138	50.000000000000	0.00000000000000
1.4405000000000	-0.25799552155286	0.85444585961170	50.000000000000	0.00000000000000
1.4460000000000	-0.20312713370290	0.86746398192386	50.000000000000	0.00000000000000
1.4515000000000	-0.14771187966875	0.87690379851254	50.000000000000	0.00000000000000
1.4570000000000	-0.091973901877320	0.88275239608707	50.000000000000	0.00000000000000
1.4625000000000	-0.036137319667471	0.88500944431371	50.000000000000	0.00000000000000
1.4680000000000	0.019574363213305	0.88368728047365	50.000000000000	0.00000000000000
1.4735000000000	0.074938876316867	0.87881096865729	50.000000000000	0.00000000000000
1.4790000000000	0.12973582370243	0.87041833027339	50.000000000000	0.00000000000000
1.4845000000000	0.18374734671622	0.85855994278021	50.000000000000	0.00000000000000
1.4900000000000	0.23675880618487	0.84329910369026	50.000000000000	0.00000000000000
1.4955000000000	0.28855948163280	0.82471175706021	50.000000000000	0.00000000000000
1.5010000000000	0.33894328490529	0.80288637985764	50.000000000000	0.00000000000000
1.5065000000000	0.38770948535474	0.77792382579407	50.000000000000	0.00000000000000
1.5120000000000	0.43466344353428	0.74993712443214	50.000000000000	0.00000000000000
1.5175000000000	0.47961735014149	0.71905123361175	50.000000000000	0.00000000000000
1.5230000000000	0.52239096677026	0.68540274349445	50.000000000000	0.00000000000000
1.5285000000000	0.56281236486259	0.64913953079689	50.000000000000	0.00000000000000
1.5340000000000	0.60071865910839	0.61042036206913	50.000000000000	0.00000000000000
1.5395000000000	0.63595673141996	0.56941444517016	50.000000000000	0.00000000000000
1.5450000000000	0.66838394151292	0.52630092839872	50.000000000000	0.00000000000000
1.5505000000000	0.69786882005614	0.48126834704775	50.000000000000	0.00000000000000
1.5560000000000	0.72429174031105	0.43451401746321	50.000000000000	0.00000000000000
1.5615000000000	0.74754556416492	0.38624337899881	50.000000000000	0.00000000000000
1.5670000000000	0.76753625847303	0.33666928456290	50.000000000000	0.00000000000000
1.5725000000000	0.78418347765860	0.28601124075026	50.000000000000	0.00000000000000
1.5780000000000	0.79742110857561	0.23449459883495	50.000000000000	0.00000000000000
1.5835000000000	0.80719777371401	0.18234969816913	50.000000000000	0.00000000000000
1.5890000000000	0.81347728891706	0.12981096378375	50.000000000000	0.00000000000000
1.5945000000000	0.81623907188070	0.077115960218109	50.000000000000	0.00000000000000
1.6000000000000	0.81547849781127	0.024504403816760	50.000000000000	0.00000000000000
1.6055000000000	0.81120719872484	-0.027782864077578	50.000000000000	0.00000000000000
1.6110000000000	0.80345330297269	-0.079504940435063	50.000000000000	0.00000000000000
1.6165000000000	0.79226161166832	-0.13042195759984	50.000000000000	0.00000000000000
1.6220000000000	0.77769370876475	-0.18029621120689	50.000000000000	0.00000000000000
1.6275000000000	0.75982800158233	-0.22889331592844	50.000000000000	0.00000000000000
1.6330000000000	0.73875968861055	-0.27598338589389	50.000000000000	0.00000000000000
1.6385000000000	0.71460065139945	-0.32134223649109	50.000000000000	0.00000000000000
1.6440000000000	0.68747926731260	-0.36475260410486	50.000000000000	0.00000000000000
1.6495000000000	0.65754013983349	-0.40600538016888	50.000000000000	0.00000000000000
1.6550000000000	0.62494374300040	-0.44490085568776	50.000000000000	0.00000000000000
1.6605000000000	0.58986597639381	-0.48124997211116	50.000000000000	0.00000000000000
1.6660000000000	0.55249762692047	-0.51487557409767	50.000000000000	0.00000000000000
1.6715000000000	0.51304373343832	-0.54561365927440	50.000000000000	0.00000000000000
1.6770000000000	0.47172285005865	-0.57331461956390	50.000000000000	0.00000000000000
1.6825000000000	0.42876620376349	-0.59784446799488	50.000000000000	0.00000000000000
1.6880000000000	0.38441674180878	-0.61908604412208	50.000000000000	0.00000000000000
1.6935000000000	0.33892806427491	-0.63694019023968	50.000000000000	0.00000000000000
1.6990000000000	0.29256323710852	-0.65132688947004	50.000000000000	0.00000000000000
1.7045000000000	0.24559348111257	-0.66218635553920	50.000000000000	0.00000000000000
1.7100000000000	0.19829673262986	-0.66948006261122	50.000000000000	0.00000000000000
1.7155000000000	0.15095607218044	-0.67319170195241	50.000000000000	0.00000000000000
1.7210000000000	0.10385801811100	-0.67332805045014	50.000000000000	0.00000000000000
1.7265000000000	0.057290683454173	-0.66991973414934	50.000000000000	0.00000000000000
1.7320000000000	0.011541795741061	-0.66302186803540	50.000000000000	0.00000000000000
1.7375000000000	-0.033103418479172	-0.65271455134641	50.000000000000	0.00000000000000
1.7430000000000	-0.076364480122611	-0.63910319581996	50.000000000000	0.00000000000000
1.7485000000000	-0.11796802765764	-0.62231866256972	50.000000000000	0.00000000000000
1.7540000000000	-0.15765029967673	-0.60251718186782	50.000000000000	0.00000000000000
1.7595000000000	-0.19515971448777	-0.57988002912294	50.000000000000	0.00000000000000
1.7650000000000	-0.23025952629798	-0.55461292995612	50.000000000000	0.00000000000000
1.7705000000000	-0.26273053203140	-0.52694516766488	50.000000000000	0.00000000000000
1.7760000000000	-0.29237379680752	-0.49712836772408	50.000000000000	0.00000000000000
1.7815000000000	-0.31901335975171	-0.46543493648987	50.000000000000	0.00000000000000
1.7870000000000	-0.34249887530365	-0.43215613513546	50.000000000000	0.00000000000000
1.7925000000000	-0.36270813879283	-0.39759977521353	50.000000000000	0.00000000000000
1.7980000000000	-0.37954943907833	-0.36208752922612	50.000000000000	0.00000000000000
1.8035000000000	-0.39296367587674	-0.32595185824763	50.000000000000	0.00000000000000
1.8090000000000	-0.40292617545001	-0.28953256896329	50.000000000000	0.00000000000000
1.8145000000000	-0.40944813604795	-0.25317302432891	50.000000000000	0.00000000000000
1.8200000000000	-0.41257763435786	-0.21721604518215	50.000000000000	0.00000000000000
1.8255000000000	-0.41240012664742	-0.18199955416426	50.000000000000	0.00000000000000
1.8310000000000	-0.40903838367192	-0.14785202773186	50.000000000000	0.00000000000000
1.8365000000000	-0.40265180703366	-0.11508783620894	50.000000000000	0.00000000000000
1.8420000000000	-0.39343508666129	-0.084002564996338	50.000000000000	0.00000000000000
1.8475000000000	-0.38161617437098	-0.054868421388723	50.000000000000	0.00000000000000
1.8530000000000	-0.36745356681360	-0.027929840084719	50.000000000000	0.00000000000000
1.8585000000000	-0.35123291199901	-0.0033994055809596	50.000000000000	0.00000000000000
1.8640000000000	-0.33326297628135	0.018545789521927	50.000000000000	0.00000000000000
1.8695000000000	-0.31387103222639	0.037767235271222	50.000000000000	0.00000000000000
1.8750000000000	-0.29339775102684	0.054167438304513	50.000000000000	0.00000000000000
1.8805000000000	-0.27219170483389	0.067691607476951	50.000000000000	0.00000000000000
1.8860000000000	-0.25060360325585	0.078328518929466	50.000000000000	0.00000000000000
1.8915000000000	-0.22898040312834	0.086110511870817	50.000000000000	0.00000000000000
1.8970000000000	-0.20765944044858	0.091112593146899	50.000000000000	0.00000000000000
1.9000000000000	-0.19627315716222	0.092709158166904	50.000000000000	0.00000000000000
1.9025000000000	-0.18696273731958	0.093450657507020	50.000000000000	0.00000000000000
1.9080000000000	-0.16719163444600	0.093278859904912	50.000000000000	0.00000000000000
1.9135000000000	-0.14862189114313	0.090786204654167	50.000000000000	0.00000000000000
1.9190000000000	-0.13149938036965	0.086192442278655	50.000000000000	0.00000000000000
1.9245000000000	-0.11603648679523	0.079743387083884	50.000000000000	0.00000000000000
1.9300000000000	-0.10240929256802	0.071705785698566	50.000000000000	0.00000000000000
1.9355000000000	-0.090755609779042	0.062361878304207	50.000000000000	0.00000000000000
1.9410000000000	-0.081173892431044	0.052003799582048	50.000000000000	0.00000000000000
1.9465000000000	-0.073723036072572	0.040927965573739	50.000000000000	0.00000000000000
1.9520000000000	-0.068423052571774	0.029429586098187	50.000000000000	0.00000000000000
1.9575000000000	-0.065256593861932	0.017797430906201	50.000000000000	0.00000000000000
1.9630000000000	-0.064171296417006	0.0063089625869667	50.000000000000	0.00000000000000
1.9685000000000	-0.065082935506758	-0.0047740679699990	50.000000000000	0.00000000000000
1.9740000000000	-0.067879430322187	-0.015209484540830	50.000000000000	0.00000000000000
1.9795000000000	-0.072425861505031	-0.024777939945275	50.000000000000	0.00000000000000
1.9850000000000	-0.078570931616634	-0.033285492336493	50.000000000000	0.00000000000000
1.9905000000000	-0.086155924615279	-0.040565390509633	50.000000000000	0.00000000000000
1.9960000000000	-0.095028798223158	-0.046478786079495	50.000000000000	0.00000000000000
2.0015000000000	-0.10507050360127	-0.050913474953515	50.000000000000	0.00000000000000
2.0070000000000	-0.11625531894619	-0.053777249039742	50.000000000000	0.00000000000000
2.0125000000000	-0.12882686087498	-0.054969378897833	50.000000000000	0.00000000000000
2.0180000000000	-0.14400935635130	-0.054213499453588	50.000000000000	0.00000000000000
2.0235000000000	-0.16914126149949	-0.048921230652615	50.000000000000	0.00000000000000
2.0290000000000	-0.085523876397223	0.057226561621803	50.000000000000	0.00000000000000
2.0345000000000	-0.13915818384381	-0.040166106299875	50.000000000000	0.00000000000000
2.0400000000000	-0.15877726406282	-0.036775125459867	50.000000000000	0.00000000000000
2.0455000000000	-0.17114862064914	-0.029897360742058	50.000000000000	0.00000000000000
2.0500000000000	-0.17916417228963	-0.023094897429743	50.000000000000	0.00000000000000
2.0510000000000	-0.18076279810514	-0.021471092430852	50.000000000000	0.00000000000000
2.0565000000000	-0.18854555464528	-0.011924664867369	50.000000000000	0.00000000000000
2.0620000000000	-0.19475406187237	-0.0015031823640144	50.000000000000	0.00000000000000
2.0675000000000	-0.19945982832900	0.0095825969316721	50.000000000000	0.00000000000000
2.0730000000000	-0.20267799760371	0.021126578937195	50.000000000000	0.00000000000000
2.0785000000000	-0.20441271523334	0.032920384213167	50.000000000000	0.00000000000000
2.0840000000000	-0.20467630101026	0.044752490245752	50.000000000000	0.00000000000000
2.0895000000000	-0.20349861383672	0.056409444373649	50.000000000000	0.00000000000000
2.0950000000000	-0.20093222514687	0.067677954883669	50.000000000000	0.00000000000000
2.1005000000000	-0.19705560614849	0.078347468882949	50.000000000000	0.00000000000000
2.1060000000000	-0.19197528483905	0.088213117930699	50.000000000000	0.00000000000000
2.1115000000000	-0.18582741234026	0.097079022084108	50.000000000000	0.00000000000000
2.1170000000000	-0.17877893762440	0.10476199574148	50.000000000000	0.00000000000000
2.1225000000000	-0.17102846025075	0.11109572883067	50.000000000000	0.00000000000000
2.1280000000000	-0.16280674619677	0.11593553615558	50.000000000000	0.00000000000000
2.1335000000000	-0.15437682293152	0.11916377924212	50.000000000000	0.00000000000000
2.1390000000000	-0.14603350206367	0.12069606792343	50.000000000000	0.00000000000000
2.1445000000000	-0.13810210337746	0.12048833951910	50.000000000000	0.00000000000000
2.1500000000000	-0.13093606870158	0.11854488555630	50.000000000000	0.00000000000000
2.1555000000000	-0.12491305677432	0.11492734050459	50.000000000000	0.00000000000000
2.1610000000000	-0.12042900386736	0.10976455187876	50.000000000000	0.00000000000000
2.1665000000000	-0.11788952792989	0.10326310137626	50.000000000000	0.00000000000000
2.1720000000000	-0.11769796349831	0.095718025808797	50.000000000000	0.00000000000000
2.1775000000000	-0.12023926982025	0.087522978986357	50.000000000000	0.00000000000000
2.1830000000000	-0.12585910058937	0.079178672870097	50.000000000000	0.00000000000000
2.1885000000000	-0.13483752331007	0.071297946350744	50.000000000000	0.00000000000000
2.1940000000000	-0.14735730811660	0.064605272141266	50.000000000000	0.00000000000000
2.1995000000000	-0.16346745265144	0.059928014887553	50.000000000000	0.00000000000000
2.2000000000000	-0.16510730742945	0.059633697508171	50.000000000000	0.00000000000000
2.2050000000000	-0.18304373262397	0.058176451603979	50.000000000000	0.00000000000000
2.2105000000000	-0.20574956199072	0.060309686840168	50.000000000000	0.00000000000000
2.2160000000000	-0.23100217961128	0.067285419508321	50.000000000000	0.00000000000000
2.2215000000000	-0.25795082730919	0.079993309507932	50.000000000000	0.00000000000000
2.2270000000000	-0.28547460508750	0.099174568812385	50.000000000000	0.00000000000000
2.2325000000000	-0.31220738193870	0.12533416451801	50.000000000000	0.00000000000000
2.2380000000000	-0.33659484506311	0.15865600148751	50.000000000000	0.00000000000000
2.2435000000000	-0.35698420294708	0.19893449531087	50.000000000000	0.00000000000000
2.2490000000000	-0.37174067888407	0.24553665703694	50.000000000000	0.00000000000000
2.2545000000000	-0.37937812520541	0.29740608584450	50.000000000000	0.00000000000000
2.2600000000000	-0.37868592199413	0.35311394574863	50.000000000000	0.00000000000000
2.2655000000000	-0.36883282382398	0.41095328762424	50.000000000000	0.00000000000000
2.2710000000000	-0.34943162353502	0.46906433970474	50.000000000000	0.00000000000000
2.2765000000000	-0.32055581757086	0.52557231398745	50.000000000000	0.00000000000000
2.2820000000000	-0.28270875516503	0.57871771593682	50.000000000000	0.00000000000000
2.2875000000000	-0.23675424948639	0.62696232302499	50.000000000000	0.00000000000000
2.2930000000000	-0.18382305351200	0.66906051005774	50.000000000000	0.00000000000000
2.2985000000000	-0.12521102131991	0.70409316813779	50.000000000000	0.00000000000000
2.3040000000000	-0.062282681274555	0.73146794812529	50.000000000000	0.00000000000000
2.3095000000000	0.0036102560427074	0.75089367610097	50.000000000000	0.00000000000000
2.3150000000000	0.071190668011209	0.76233829302773	50.000000000000	0.00000000000000
2.3205000000000	0.13929735419159	0.76597908871229	50.000000000000	0.00000000000000
2.3260000000000	0.20690803478669	0.76215218550170	50.000000000000	0.00000000000000
2.3315000000000	0.27314760052341	0.75130599111094	50.000000000000	0.00000000000000
2.3370000000000	0.33728561434039	0.73396125352062	50.000000000000	0.00000000000000
2.3425000000000	0.39872677335697	0.71067870881761	50.000000000000	0.00000000000000
2.3480000000000	0.45699738627852	0.68203419199618	50.000000000000	0.00000000000000
2.3535000000000	0.51173016098638	0.64860042657562	50.000000000000	0.00000000000000
2.3590000000000	0.56264888477449	0.61093441081912	50.000000000000	0.00000000000000
2.3645000000000	0.60955399000167	0.56956925917544	50.000000000000	0.00000000000000
2.3700000000000	0.65230955105781	0.52500943860850	50.000000000000	0.00000000000000
2.3755000000000	0.69083194422844	0.47772848851571	50.000000000000	0.00000000000000
2.3810000000000	0.72508019663313	0.42816848280797	50.000000000000	0.00000000000000
2.3865000000000	0.75504792733331	0.37674065603671	50.000000000000	0.00000000000000
2.3920000000000	0.78075671886781	0.32382675864085	50.000000000000	0.00000000000000
2.3975000000000	0.80225073139524	0.26978082465005	50.000000000000	0.00000000000000
2.4030000000000	0.81959236969914	0.21493112873108	50.000000000000	0.00000000000000
2.4085000000000	0.83285882522726	0.15958218100232	50.000000000000	0.00000000000000
2.4140000000000	0.84213933417378	0.10401666120675	50.000000000000	0.00000000000000
2.4195000000000	0.84753301397175	0.048497232329860	50.000000000000	0.00000000000000
2.4250000000000	0.84914716181310	-0.0067317990817945	50.000000000000	0.00000000000000
2.4305000000000	0.84709591851379	-0.061442989997081	50.000000000000	0.00000000000000
2.4360000000000	0.84149921851671	-0.11542443708139	50.000000000000	0.00000000000000
2.4415000000000	0.83248196186728	-0.16847861581807	50.000000000000	0.00000000000000
2.4470000000000	0.82017335666794	-0.22042137171452	50.000000000000	0.00000000000000
2.4525000000000	0.80470639102194	-0.27108105024495	50.000000000000	0.00000000000000
2.4580000000000	0.78621740207591	-0.32029775116902	50.000000000000	0.00000000000000
2.4635000000000	0.76484571674288	-0.36792269281843	50.000000000000	0.00000000000000
2.4690000000000	0.74073334429446	-0.41381767249880	50.000000000000	0.00000000000000
2.4745000000000	0.71402470549231	-0.45785461005920	50.000000000000	0.00000000000000
2.4800000000000	0.68486638648914	-0.49991516276675	50.000000000000	0.00000000000000
2.4855000000000	0.65340690854557	-0.53989040077390	50.000000000000	0.00000000000000
2.4910000000000	0.61979650682549	-0.57768053360923	50.000000000000	0.00000000000000
2.4965000000000	0.58418691327102	-0.61319467921408	50.000000000000	0.00000000000000
2.5020000000000	0.54673113991537	-0.64635066806125	50.000000000000	0.00000000000000
2.5075000000000	0.50758326004758	-0.67707487581698	50.000000000000	0.00000000000000
2.5130000000000	0.46689818546135	-0.70530207883871	50.000000000000	0.00000000000000
2.5185000000000	0.42483143865094	-0.73097532754082	50.000000000000	0.00000000000000
2.5240000000000	0.38153891930161	-0.75404583331400	50.000000000000	0.00000000000000
2.5295000000000	0.33717666479234	-0.77447286525654	50.000000000000	0.00000000000000
2.5350000000000	0.29190060470978	-0.79222365347664	50.000000000000	0.00000000000000
2.5405000000000	0.24586630958522	-0.80727329616076	50.000000000000	0.00000000000000
2.5460000000000	0.19922873422566	-0.81960466798114	50.000000000000	0.00000000000000
2.5515000000000	0.15214195612949	-0.82920832774472	50.000000000000	0.00000000000000
2.5570000000000	0.10475890956515	-0.83608242347029	50.000000000000	0.00000000000000
2.5625000000000	0.057231115956132	-0.84023259332829	50.000000000000	0.00000000000000
2.5680000000000	0.0097084112629342	-0.84167186109274	50.000000000000	0.00000000000000
2.5735000000000	-0.037661328913399	-0.84042052494285	50.000000000000	0.00000000000000
2.5790000000000	-0.084732465756828	-0.83650603861601	50.000000000000	0.00000000000000
2.5845000000000	-0.13136187442429	-0.82996288405874	50.000000000000	0.00000000000000
2.5900000000000	-0.17740922121740	-0.82083243485079	50.000000000000	0.00000000000000
2.5955000000000	-0.22273723995068	-0.80916280979158	50.000000000000	0.00000000000000
2.6010000000000	-0.26721200672384	-0.79500871614197	50.000000000000	0.00000000000000
2.6065000000000	-0.31070321230250	-0.77843128210758	50.000000000000	0.00000000000000
2.6120000000000	-0.35308443131045	-0.75949787823606	50.000000000000	0.00000000000000
2.6175000000000	-0.39423338743711	-0.73828192748019	50.000000000000	0.00000000000000
2.6230000000000	-0.43403221386590	-0.71486270375293	50.000000000000	0.00000000000000
2.6285000000000	-0.47236770813272	-0.68932511887071	50.000000000000	0.00000000000000
2.6340000000000	-0.50913158062995	-0.66175949784720	50.000000000000	0.00000000000000
2.6395000000000	-0.54422069597812	-0.63226134256322	50.000000000000	0.00000000000000
2.6450000000000	-0.57753730649754	-0.60093108389897	50.000000000000	0.00000000000000
2.6505000000000	-0.60898927702384	-0.56787382247220	50.000000000000	0.00000000000000
2.6560000000000	-0.63849030032572	-0.53319905818216	50.000000000000	0.00000000000000
2.6615000000000	-0.66596010240023	-0.49702040881149	50.000000000000	0.00000000000000
2.6670000000000	-0.69132463694017	-0.45945531798945	50.000000000000	0.00000000000000
2.6725000000000	-0.71451626829058	-0.42062475286743	50.000000000000	0.00000000000000
2.6780000000000	-0.73547394223603	-0.38065289190290	50.000000000000	0.00000000000000
2.6835000000000	-0.75414334398760	-0.33966680318987	50.000000000000	0.00000000000000
2.6890000000000	-0.77047704276806	-0.29779611381253	50.000000000000	0.00000000000000
2.6945000000000	-0.78443462242560	-0.25517267073323	50.000000000000	0.00000000000000
2.7000000000000	-0.79598279753933	-0.21193019375714	50.000000000000	0.00000000000000
2.7055000000000	-0.80509551451470	-0.16820392114186	50.000000000000	0.00000000000000
2.7110000000000	-0.81175403720200	-0.12413024844246	50.000000000000	0.00000000000000
2.7165000000000	-0.81594701660644	-0.079846361199379	50.000000000000	0.00000000000000
2.7220000000000	-0.81767054429311	-0.035489862088687	50.000000000000	0.00000000000000
2.7275000000000	-0.81692818912299	0.0088016068384019	50.000000000000	0.00000000000000
2.7330000000000	-0.81373101698768	0.052890746197644	50.000000000000	0.00000000000000
2.7385000000000	-0.80809759323778	0.096640984968762	50.000000000000	0.00000000000000
2.7440000000000	-0.80005396752367	0.13991686922726	50.000000000000	0.00000000000000
2.7495000000000	-0.78963364078562	0.18258445330175	50.000000000000	0.00000000000000
2.7550000000000	-0.77687751414231	0.22451169276132	50.000000000000	0.00000000000000
2.7605000000000	-0.76183381943157	0.26556883865365	50.000000000000	0.00000000000000
2.7660000000000	-0.74455803115320	0.30562883243215	50.000000000000	0.00000000000000
2.7715000000000	-0.72511275955139	0.34456770102778	50.000000000000	0.00000000000000
2.7770000000000	-0.70356762455028	0.38226495153697	50.000000000000	0.00000000000000
2.7825000000000	-0.67999911022263	0.41860396500903	50.000000000000	0.00000000000000
2.7880000000000	-0.65449039942546	0.45347238882316	50.000000000000	0.00000000000000
2.7935000000000	-0.62713118817892	0.48676252714307	50.000000000000	0.00000000000000
2.7990000000000	-0.59801747929485	0.51837172892467	50.000000000000	0.00000000000000
2.8045000000000	-0.56725135468046	0.54820277292512	50.000000000000	0.00000000000000
2.8100000000000	-0.53494072564998	0.57616424911731	50.000000000000	0.00000000000000
2.8155000000000	-0.50119906047569	0.60217093584815	50.000000000000	0.00000000000000
2.8210000000000	-0.46614508830063	0.62614417198869	50.000000000000	0.00000000000000
2.8265000000000	-0.42990247842108	0.64801222320383	50.000000000000	0.00000000000000
2.8320000000000	-0.39259949383238	0.66771064131729	50.000000000000	0.00000000000000
2.8375000000000	-0.35436861782023	0.68518261555645	50.000000000000	0.00000000000000
2.8430000000000	-0.31534615227826	0.70037931423105	50.000000000000	0.00000000000000
2.8485000000000	-0.27567178634775	0.71326021512322	50.000000000000	0.00000000000000
2.8540000000000	-0.23548813391588	0.72379342254328	50.000000000000	0.00000000000000
2.8595000000000	-0.19494023848493	0.73195596863299	50.000000000000	0.00000000000000
2.8650000000000	-0.15417504394740	0.73773409607568	50.000000000000	0.00000000000000
2.8705000000000	-0.11334082988438	0.74112351890198	50.000000000000	0.00000000000000
2.8760000000000	-0.072586610161541	0.74212965756409	50.000000000000	0.00000000000000
2.8815000000000	-0.032061493842878	0.74076784389749	50.000000000000	0.00000000000000
2.8870000000000	0.0080859922049844	0.73706349100594	50.000000000000	0.00000000000000
2.8925000000000	0.047708619170533	0.73105222250702	50.000000000000	0.00000000000000
2.8980000000000	0.086661210156054	0.72277995498045	50.000000000000	0.00000000000000
2.9035000000000	0.12480143080892	0.71230292689194	50.000000000000	0.00000000000000
2.9090000000000	0.16199061456361	0.69968766675086	50.000000000000	0.00000000000000
2.9145000000000	0.19809461922463	0.68501089283467	50.000000000000	0.00000000000000
2.9200000000000	0.23298471033432	0.66835933651628	50.000000000000	0.00000000000000
2.9255000000000	0.26653846531048	0.64982948110726	50.000000000000	0.00000000000000
2.9310000000000	0.29864069071860	0.62952720822957	50.000000000000	0.00000000000000
2.9365000000000	0.32918434328917	0.60756734410151	50.000000000000	0.00000000000000
2.9420000000000	0.35807144343748	0.58407309882341	50.000000000000	0.00000000000000
2.9475000000000	0.38521396814625	0.55917539282320	50.000000000000	0.00000000000000
2.9530000000000	0.41053470819648	0.53301206611533	50.000000000000	0.00000000000000
2.9585000000000	0.43396807296508	0.50572696797196	50.000000000000	0.00000000000000
2.9640000000000	0.45546082444629	0.47746892701865	50.000000000000	0.00000000000000
2.9695000000000	0.47497272091134	0.44839060464732	50.000000000000	0.00000000000000
2.9750000000000	0.49247704981646	0.41864723795674	50.000000000000	0.00000000000000
2.9805000000000	0.50796102932919	0.38839528212783	50.000000000000	0.00000000000000
2.9860000000000	0.52142605828555	0.35779096612573	50.000000000000	0.00000000000000
2.9915000000000	0.53288779562565	0.32698877976519	50.000000000000	0.00000000000000
2.9970000000000	0.54237605246609	0.29613991432045	50.000000000000	0.00000000000000
3.0025000000000	0.54993448300602	0.26539068281166	50.000000000000	0.00000000000000
3.0080000000000	0.55562006443805	0.23488094964173	50.000000000000	0.00000000000000
3.0135000000000	0.55950236089893	0.20474260216110	50.000000000000	0.00000000000000
3.0190000000000	0.56166257214463	0.17509809877205	50.000000000000	0.00000000000000
3.0245000000000	0.56219237390273	0.14605912913765	50.000000000000	0.00000000000000
3.0300000000000	0.56119256351577	0.11772542175194	50.000000000000	0.00000000000000
3.0355000000000	0.55877153126200	0.090183732431283	50.000000000000	0.00000000000000
3.0410000000000	0.55504358430622	0.063507044142095	50.000000000000	0.00000000000000
3.0465000000000	0.55012715625162	0.037754004008795	50.000000000000	0.00000000000000
3.0520000000000	0.54414294039280	0.012968617456909	50.000000000000	0.00000000000000
3.0575000000000	0.53721198869622	-0.010819787561943	50.000000000000	0.00000000000000
3.0630000000000	0.52945382099160	-0.033596321164576	50.000000000000	0.00000000000000
3.0685000000000	0.52098458965469	-0.055360020192716	50.000000000000	0.00000000000000
3.0740000000000	0.51191534409826	-0.076123076615196	50.000000000000	0.00000000000000
3.0795000000000	0.50235043666561	-0.095909825488805	50.000000000000	0.00000000000000
3.0850000000000	0.49238610714699	-0.11475551970509	50.000000000000	0.00000000000000
3.0905000000000	0.48210927732133	-0.13270492508562	50.000000000000	0.00000000000000
3.0960000000000	0.47159657995560	-0.14981077434469	50.000000000000	0.00000000000000
3.1015000000000	0.46091363892863	-0.16613212180246	50.000000000000	0.00000000000000
3.1070000000000	0.45011460897903	-0.18173264238633	50.000000000000	0.00000000000000
3.1125000000000	0.43924197541033	-0.19667891839345	50.000000000000	0.00000000000000
3.1180000000000	0.42832660630460	-0.21103875578786	50.000000000000	0.00000000000000
3.1235000000000	0.41738804273650	-0.22487956864809	50.000000000000	0.00000000000000
3.1290000000000	0.40643500641831	-0.23826686600932	50.000000000000	0.00000000000000
3.1345000000000	0.39546609934060	-0.25126287005040	50.000000000000	0.00000000000000
3.1400000000000	0.38447066641605	-0.26392528867797	50.000000000000	0.00000000000000
3.1455000000000	0.37342978991859	-0.27630625937432	50.000000000000	0.00000000000000
3.1510000000000	0.36231738359346	-0.28845147500206	50.000000000000	0.00000000000000
3.1565000000000	0.35110135458938	-0.30039949635963	50.000000000000	0.00000000000000
3.1620000000000	0.33974480267920	-0.31218125087263	50.000000000000	0.00000000000000
3.1675000000000	0.32820722840217	-0.32381971204940	50.000000000000	0.00000000000000
3.1730000000000	0.31644572457885	-0.33532975033058	50.000000000000	0.00000000000000
3.1785000000000	0.30441612891312	-0.34671814277588	50.000000000000	0.00000000000000
3.1840000000000	0.29207411891230	-0.35798372666203	50.000000000000	0.00000000000000
3.1895000000000	0.27937623395118	-0.36911768048059	50.000000000000	0.00000000000000
3.1950000000000	0.26628081283050	-0.38010391495863	50.000000000000	0.00000000000000
3.2005000000000	0.25274883851602	-0.39091955649326	50.000000000000	0.00000000000000
3.2060000000000	0.23874468480116	-0.40153550569367	50.000000000000	0.00000000000000
3.2115000000000	0.22423676235318	-0.41191705445828	50.000000000000	0.00000000000000
3.2170000000000	0.20919806394578	-0.42202454607692	50.000000000000	0.00000000000000
3.2225000000000	0.19360661063711	-0.43181406414145	50.000000000000	0.00000000000000
3.2280000000000	0.17744580222776	-0.44123813748706	50.000000000000	0.00000000000000
3.2335000000000	0.16070467654773	-0.45024644989320	50.000000000000	0.00000000000000
3.2390000000000	0.14337808300622	-0.45878654478692	50.000000000000	0.00000000000000
3.2445000000000	0.12546677642806	-0.46680451666001	50.000000000000	0.00000000000000
3.2500000000000	0.10697743753789	-0.47424568229801	50.000000000000	0.00000000000000
3.2555000000000	0.087922626577059	-0.48105522619581	50.000000000000	0.00000000000000
3.2610000000000	0.068320676489822	-0.48717881568365	50.000000000000	0.00000000000000
3.2665000000000	0.048195531931898	-0.49256318229880	50.000000000000	0.00000000000000
3.2720000000000	0.027576540070516	-0.49715666680997	50.000000000000	0.00000000000000
3.2775000000000	0.0064981987909931	-0.50090972603346	50.000000000000	0.00000000000000
3.2830000000000	-0.015000132472078	-0.50377540018006	50.000000000000	0.00000000000000
3.2885000000000	-0.036874554478450	-0.50570973994635	50.000000000000	0.00000000000000
3.2940000000000	-0.059076978118382	-0.50667219292412	50.000000000000	0.00000000000000
3.2995000000000	-0.081555498562223	-0.50662594915839	50.000000000000	0.00000000000000
3.3050000000000	-0.10425479001899	-0.50553824584881	50.000000000000	0.00000000000000
3.3105000000000	-0.12711651783412	-0.50338063127309	50.000000000000	0.00000000000000
3.3160000000000	-0.15007976494247	-0.50012918802658	50.000000000000	0.00000000000000
3.3215000000000	-0.17308146992047	-0.49576471563019	50.000000000000	0.00000000000000
3.3270000000000	-0.19605687404552	-0.49027287247148	50.000000000000	0.00000000000000
3.3325000000000	-0.21893997486289	-0.48364427692330	50.000000000000	0.00000000000000
3.3380000000000	-0.24166398377620	-0.47587456734336	50.000000000000	0.00000000000000
3.3435000000000	-0.26416178510991	-0.46696442051105	50.000000000000	0.00000000000000
3.3490000000000	-0.28636639393750	-0.45691952791966	50.000000000000	0.00000000000000
3.3545000000000	-0.30821140972246	-0.44575052923267	50.000000000000	0.00000000000000
3.3600000000000	-0.32963146247891	-0.43347290215104	50.000000000000	0.00000000000000
3.3655000000000	-0.35056264772612	-0.42010680795079	50.000000000000	0.00000000000000
3.3710000000000	-0.37094294599001	-0.40567689206300	50.000000000000	0.00000000000000
3.3765000000000	-0.39071262200714	-0.39021203931409	50.000000000000	0.00000000000000
3.3820000000000	-0.40981459812997	-0.37374508385681	50.000000000000	0.00000000000000
3.3875000000000	-0.42819479574676	-0.35631247443729	50.000000000000	0.00000000000000
3.3930000000000	-0.44580243785567	-0.33795389649653	50.000000000000	0.00000000000000
3.3985000000000	-0.46259030532784	-0.31871185372574	50.000000000000	0.00000000000000
3.4040000000000	-0.47851493893015	-0.29863121310669	50.000000000000	0.00000000000000
3.4095000000000	-0.49353677894623	-0.27775871917711	50.000000000000	0.00000000000000
3.4150000000000	-0.50762023433682	-0.25614248525120	50.000000000000	0.00000000000000
3.4205000000000	-0.52073367393615	-0.23383147155102	50.000000000000	0.00000000000000
3.4260000000000	-0.53284933330728	-0.21087496257874	50.000000000000	0.00000000000000
3.4315000000000	-0.54394313268961	-0.18732205845259	50.000000000000	0.00000000000000
3.4370000000000	-0.55399440405195	-0.16322119715727	50.000000000000	0.00000000000000
3.4425000000000	-0.56298552865965	-0.13861972649242	50.000000000000	0.00000000000000
3.4480000000000	-0.57090149074988	-0.11356354566784	50.000000000000	0.00000000000000
3.4535000000000	-0.57772935777539	-0.088096836696609	50.000000000000	0.00000000000000
3.4590000000000	-0.58345770300504	-0.062261904687534	50.000000000000	0.00000000000000
3.4645000000000	-0.58807599172613	-0.036099143590636	50.000000000000	0.00000000000000
3.4700000000000	-0.59157395743577	-0.0096471397492465	50.000000000000	0.00000000000000
3.4755000000000	-0.59394099870611	0.017057080258015	50.000000000000	0.00000000000000
3.4810000000000	-0.59516563029191	0.043977658378150	50.000000000000	0.00000000000000
3.4865000000000	-0.59523502297361	0.071079379852462	50.000000000000	0.00000000000000
3.4920000000000	-0.59413466515622	0.098327032469128	50.000000000000	0.00000000000000
3.4975000000000	-0.59184817512363	0.12568467765566	50.000000000000	0.00000000000000
3.5030000000000	-0.58835728608819	0.15311486860025	50.000000000000	0.00000000000000
3.5085000000000	-0.58364201709227	0.18057785651638	50.000000000000	0.00000000000000
3.5140000000000	-0.57768103202877	0.20803082943460	50.000000000000	0.00000000000000
3.5195000000000	-0.57045217743079	0.23542722799958	50.000000000000	0.00000000000000
3.5250000000000	-0.56193317827402	0.26271617947386	50.000000000000	0.00000000000000
3.5305000000000	-0.55210246091346	0.28984208467727	50.000000000000	0.00000000000000
3.5360000000000	-0.54094006439752	0.31674438346774	50.000000000000	0.00000000000000
3.5415000000000	-0.52842859648718	0.34335751343723	50.000000000000	0.00000000000000
3.5470000000000	-0.51455418913560	0.36961106479134	50.000000000000	0.00000000000000
3.5525000000000	-0.49930740995682	0.39543012298375	50.000000000000	0.00000000000000
3.5580000000000	-0.48268409097269	0.42073578057560	50.000000000000	0.00000000000000
3.5635000000000	-0.46468604302789	0.44544579176261	50.000000000000	0.00000000000000
3.5690000000000	-0.44532163287409	0.46947533754465	50.000000000000	0.00000000000000
3.5745000000000	-0.42460620915786	0.49273786677633	50.000000000000	0.00000000000000
3.5800000000000	-0.40256237256714	0.51514597820690	50.000000000000	0.00000000000000
3.5855000000000	-0.37922009350738	0.53661231073537	50.000000000000	0.00000000000000
3.5910000000000	-0.35461668739873	0.55705041295493	50.000000000000	0.00000000000000
3.5965000000000	-0.32879666273356	0.57637556805679	50.000000000000	0.00000000000000
3.6020000000000	-0.30181146033802	0.59450555572825	50.000000000000	0.00000000000000
3.6075000000000	-0.27371910393780	0.61136133830559	50.000000000000	0.00000000000000
3.6130000000000	-0.24458378235360	0.62686766372181	50.000000000000	0.00000000000000
3.6185000000000	-0.21447538273178	0.64095358243731	50.000000000000	0.00000000000000
3.6240000000000	-0.18346899246266	0.65355287939111	50.000000000000	0.00000000000000
3.6295000000000	-0.15164438515250	0.66460442499526	50.000000000000	0.00000000000000
3.6350000000000	-0.11908550346196	0.67405245133393	50.000000000000	0.00000000000000
3.6405000000000	-0.085879949019705	0.68184676109531	50.000000000000	0.00000000000000
3.6460000000000	-0.052118487127122	0.68794287746813	50.000000000000	0.00000000000000
3.6515000000000	-0.017894571701387	0.69230214340172	50.000000000000	0.00000000000000
3.6570000000000	0.016696106076866	0.69489177838407	50.000000000000	0.00000000000000
3.6625000000000	0.051556043607459	0.69568490035525	50.000000000000	0.00000000000000
3.6680000000000	0.086586326746845	0.69466051964407	50.000000000000	0.00000000000000
3.6735000000000	0.12168700430083	0.69180351098027	50.000000000000	0.00000000000000
3.6790000000000	0.15675743849188	0.68710456875668	50.000000000000	0.00000000000000
3.6845000000000	0.19169663329884	0.68056014984610	50.000000000000	0.00000000000000
3.6900000000000	0.22640354291120	0.67217240744925	50.000000000000	0.00000000000000
3.6955000000000	0.26077736272502	0.66194911868472	50.000000000000	0.00000000000000
3.7010000000000	0.29471780536760	0.64990360794181	50.000000000000	0.00000000000000
3.7065000000000	0.32812536420216	0.63605466740684	50.000000000000	0.00000000000000
3.7120000000000	0.36090156665577	0.62042647564268	50.000000000000	0.00000000000000
3.7175000000000	0.39294921955591	0.60304851464607	50.000000000000	0.00000000000000
3.7230000000000	0.42417264846713	0.58395548542218	50.000000000000	0.00000000000000
3.7285000000000	0.45447793280282	0.56318722179349	50.000000000000	0.00000000000000
3.7340000000000	0.48377313825703	0.54078860189389	50.000000000000	0.00000000000000
3.7395000000000	0.51196854786398	0.51680945658201	50.000000000000	0.00000000000000
3.7450000000000	0.53897689275286	0.49130447383379	50.000000000000	0.00000000000000
3.7505000000000	0.56471358342591	0.46433309803825	50.000000000000	0.00000000000000
3.7560000000000	0.58909694215037	0.43595942301732	50.000000000000	0.00000000000000
3.7615000000000	0.61204843682079	0.40625207751710	50.000000000000	0.00000000000000
3.7670000000000	0.63349291641747	0.37528410187148	50.000000000000	0.00000000000000
3.7725000000000	0.65335884796084	0.34313281451671	50.000000000000	0.00000000000000
3.7780000000000	0.67157855463930	0.30987966703705	50.000000000000	0.00000000000000
3.7835000000000	0.68808845457081	0.27561008644499	50.000000000000	0.00000000000000
3.7890000000000	0.70282929944616	0.24041330344542	50.000000000000	0.00000000000000
3.7945000000000	0.71574641209528	0.20438216550020	50.000000000000	0.00000000000000
3.8000000000000	0.72678992181841	0.16761293359926	50.000000000000	0.00000000000000
3.8055000000000	0.73591499613220	0.13020506175517	50.000000000000	0.00000000000000
3.8110000000000	0.74308206739944	0.092260958372134	50.000000000000	0.00000000000000
3.8165000000000	0.74825705264095	0.053885728795757	50.000000000000	0.00000000000000
3.8220000000000	0.75141156467306	0.015186898527784	50.000000000000	0.00000000000000
3.8275000000000	0.75252311257484	-0.023725883210502	50.000000000000	0.00000000000000
3.8330000000000	0.75157528937034	-0.062741159662354	50.000000000000	0.00000000000000
3.8385000000000	0.74855794471437	-0.10174600232372	50.000000000000	0.00000000000000
3.8440000000000	0.74346734029928	-0.14062636593403	50.000000000000	0.00000000000000
3.8495000000000	0.73630628565769	-0.17926746199554	50.000000000000	0.00000000000000
3.8550000000000	0.72708425202516	-0.21755414986078	50.000000000000	0.00000000000000
3.8605000000000	0.71581746195005	-0.25537134413234	50.000000000000	0.00000000000000
3.8660000000000	0.70252895239715	-0.29260443681847	50.000000000000	0.00000000000000
3.8715000000000	0.68724860919024	-0.32913973238563	50.000000000000	0.00000000000000
3.8770000000000	0.67001317077626	-0.36486489355113	50.000000000000	0.00000000000000
3.8825000000000	0.65086619947224	-0.39966939536987	50.000000000000	0.00000000000000
3.8880000000000	0.62985801857526	-0.43344498489451	50.000000000000	0.00000000000000
3.8935000000000	0.60704561397391	-0.46608614343491	50.000000000000	0.00000000000000
3.8990000000000	0.58249249919629	-0.49749054821495	50.000000000000	0.00000000000000
3.9045000000000	0.55626854316123	-0.52755953002960	50.000000000000	0.00000000000000
3.9100000000000	0.52844976026254	-0.55619852334794	50.000000000000	0.00000000000000
3.9155000000000	0.49911806280665	-0.58331750519251	50.000000000000	0.00000000000000
3.9210000000000	0.46836097623539	-0.60883141905930	50.000000000000	0.00000000000000
3.9265000000000	0.43627131799356	-0.63266058012603	50.000000000000	0.00000000000000
3.9320000000000	0.40294684133617	-0.65473105803555	50.000000000000	0.00000000000000
3.9375000000000	0.36848984580710	-0.67497503363574	50.000000000000	0.00000000000000
3.9430000000000	0.33300675655013	-0.69333112620933	50.000000000000	0.00000000000000
3.9485000000000	0.29660767502803	-0.70974468793536	50.000000000000	0.00000000000000
3.9540000000000	0.25940590411600	-0.72416806258787	50.000000000000	0.00000000000000
3.9595000000000	0.22151745089562	-0.73656080579230	50.000000000000	0.00000000000000
3.9650000000000	0.18306051079596	-0.74688986452379	50.000000000000	0.00000000000000
3.9705000000000	0.14415493700388	-0.75512971393677	50.000000000000	0.00000000000000
3.9760000000000	0.10492169928826	-0.76126245005653	50.000000000000	0.00000000000000
3.9815000000000	0.065482336549585	-0.76527783733345	50.000000000000	0.00000000000000
3.9870000000000	0.025958407511628	-0.76717331055003	50.000000000000	0.00000000000000
3.9925000000000	-0.013529055985606	-0.76695393107252	50.000000000000	0.00000000000000
3.9980000000000	-0.052860088654500	-0.76463229794230	50.000000000000	0.00000000000000
4.0035000000000	-0.091916320039260	-0.76022841479931	50.000000000000	0.00000000000000
4.0090000000000	-0.13058148720396	-0.75376951411046	50.000000000000	0.00000000000000
4.0145000000000	-0.16874192783510	-0.74528984063282	50.000000000000	0.00000000000000
4.0200000000000	-0.20628705002791	-0.73483039646541	50.000000000000	0.00000000000000
4.0255000000000	-0.24310977533799	-0.72243865042791	50.000000000000	0.00000000000000
4.0310000000000	-0.27910695203607	-0.70816821484346	50.000000000000	0.00000000000000
4.0365000000000	-0.31417973589502	-0.69207849309058	50.000000000000	0.00000000000000
4.0420000000000	-0.34823393625796	-0.67423430152253	50.000000000000	0.00000000000000
4.0475000000000	-0.38118032557553	-0.65470546952869	50.000000000000	0.00000000000000
4.0530000000000	-0.41293491105108	-0.63356642163028	50.000000000000	0.00000000000000
4.0585000000000	-0.44341916748640	-0.61089574556225	50.000000000000	0.00000000000000
4.0640000000000	-0.47256023086930	-0.58677575029600	50.000000000000	0.00000000000000
4.0695000000000	-0.50029105268110	-0.56129201790544	50.000000000000	0.00000000000000
4.0750000000000	-0.52655051531886	-0.53453295307667	50.000000000000	0.00000000000000
4.0805000000000	-0.55128350941940	-0.50658933391132	50.000000000000	0.00000000000000
4.0860000000000	-0.57444097423306	-0.47755386748336	50.000000000000	0.00000000000000
4.0915000000000	-0.59597990252154	-0.44752075338171	50.000000000000	0.00000000000000
4.0970000000000	-0.61586331174227	-0.41658525821396	50.000000000000	0.00000000000000
4.1025000000000	-0.63406018352956	-0.38484330376607	50.000000000000	0.00000000000000
4.1080000000000	-0.65054537368841	-0.35239107121366	50.000000000000	0.00000000000000
4.1135000000000	-0.66529949508097	-0.31932462347102	50.000000000000	0.00000000000000
4.1190000000000	-0.67830877590734	-0.28573954744738	50.000000000000	0.00000000000000
4.1245000000000	-0.68956489596425	-0.25173061766421	50.000000000000	0.00000000000000
4.1300000000000	-0.69906480350801	-0.21739148237503	50.000000000000	0.00000000000000
4.1355000000000	-0.70681051535517	-0.18281437302733	50.000000000000	0.00000000000000
4.1410000000000	-0.71280890282815	-0.14808983761590	50.000000000000	0.00000000000000
4.1465000000000	-0.71707146609704	-0.11330649820411	50.000000000000	0.00000000000000
4.1520000000000	-0.71961409938620	-0.078550832634977	50.000000000000	0.00000000000000
4.1575000000000	-0.72045684940939	-0.043906980220552	50.000000000000	0.00000000000000
4.1630000000000	-0.71962366927271	-0.0094565709871771	50.000000000000	0.00000000000000
4.1685000000000	-0.71714216994505	0.024721422133577	50.000000000000	0.00000000000000
4.1740000000000	-0.71304337124428	0.058550808942254	50.000000000000	0.00000000000000
4.1795000000000	-0.70736145412718	0.091958286351371	50.000000000000	0.00000000000000
4.1850000000000	-0.70013351590545	0.12487352253903	50.000000000000	0.00000000000000
4.1905000000000	-0.69139932984222	0.15722922200217	50.000000000000	0.00000000000000
4.1960000000000	-0.68120111041478	0.18896117270842	50.000000000000	0.00000000000000
4.2015000000000	-0.66958328536362	0.22000827659901	50.000000000000	0.00000000000000
4.2070000000000	-0.65659227548567	0.25031256472964	50.000000000000	0.00000000000000
4.2125000000000	-0.64227628297364	0.27981919835429	50.000000000000	0.00000000000000
4.2180000000000	-0.62668508895443	0.30847645725924	50.000000000000	0.00000000000000
4.2235000000000	-0.60986986073872	0.33623571664382	50.000000000000	0.00000000000000
4.2290000000000	-0.59188296916231	0.36305141382138	50.000000000000	0.00000000000000
4.2345000000000	-0.57277781627727	0.38888100598119	50.000000000000	0.00000000000000
4.2400000000000	-0.55260867353902	0.41368492021014	50.000000000000	0.00000000000000
4.2455000000000	-0.53143053053289	0.43742649692492	50.000000000000	0.00000000000000
4.2510000000000	-0.50929895419165	0.46007192781056	50.000000000000	0.00000000000000
4.2565000000000	-0.48626995837284	0.48159018930322	50.000000000000	0.00000000000000
4.2620000000000	-0.46239988359199	0.50195297259279	50.000000000000	0.00000000000000
4.2675000000000	-0.43774528664374	0.52113461105769	50.000000000000	0.00000000000000
4.2730000000000	-0.41236283978796	0.53911200597868	50.000000000000	0.00000000000000
4.2785000000000	-0.38630923913072	0.55586455131392	50.000000000000	0.00000000000000
4.2840000000000	-0.35964112179034	0.57137405825196	50.000000000000	0.00000000000000
4.2895000000000	-0.33241499140656	0.58562468019620	50.000000000000	0.00000000000000
4.2950000000000	-0.30468715152413	0.59860283877127	50.000000000000	0.00000000000000
4.3005000000000	-0.27651364636194	0.61029715138188	50.000000000000	0.00000000000000
4.3060000000000	-0.24795020846344	0.62069836079582	50.000000000000	0.00000000000000
4.3115000000000	-0.21905221271317	0.62979926716709	50.000000000000	0.00000000000000
4.3170000000000	-0.18987463619763	0.63759466286146	50.000000000000	0.00000000000000
4.3225000000000	-0.16047202338535	0.64408127039607	50.000000000000	0.00000000000000
4.3280000000000	-0.13089845610091	0.64925768375624	50.000000000000	0.00000000000000
4.3335000000000	-0.10120752777019	0.65312431330697	50.000000000000	0.00000000000000
4.3390000000000	-0.071452321418313	0.65568333447357	50.000000000000	0.00000000000000
4.3445000000000	-0.041685390908842	0.65693864032493	50.000000000000	0.00000000000000
4.3500000000000	-0.011958744920073	0.65689579815457	50.000000000000	0.00000000000000
4.3555000000000	0.017676166835863	0.65556201011817	50.000000000000	0.00000000000000
4.3610000000000	0.047168465635534	0.65294607795196	50.000000000000	0.00000000000000
4.3665000000000	0.076467854481459	0.64905837176354	50.000000000000	0.00000000000000
4.3720000000000	0.10552462801548	0.64391080285585	50.000000000000	0.00000000000000
4.3775000000000	0.13428968205716	0.63751680051523	50.000000000000	0.00000000000000
4.3830000000000	0.16271452320320	0.62989129266597	50.000000000000	0.00000000000000
4.3885000000000	0.19075127891061	0.62105069026641	50.000000000000	0.00000000000000
4.3940000000000	0.21835270847228	0.61101287529511	50.000000000000	0.00000000000000
4.3995000000000	0.24547221527949	0.59979719214936	50.000000000000	0.00000000000000
4.4050000000000	0.27206386075090	0.58742444225333	50.000000000000	0.00000000000000
4.4105000000000	0.29808238029180	0.57391688164780	50.000000000000	0.00000000000000
4.4160000000000	0.32348320163168	0.55929822130885	50.000000000000	0.00000000000000
4.4215000000000	0.34822246587040	0.54359362991850	50.000000000000	0.00000000000000
4.4270000000000	0.37225705154558	0.52682973878562	50.000000000000	0.00000000000000
4.4325000000000	0.39554460201423	0.50903464859155	50.000000000000	0.00000000000000
4.4380000000000	0.41804355642094	0.49023793761043	50.000000000000	0.00000000000000
4.4435000000000	0.43971318450300	0.47047067103048	50.000000000000	0.00000000000000
4.4490000000000	0.46051362545831	0.44976541097846	50.000000000000	0.00000000000000
4.4545000000000	0.48040593107655	0.42815622682643	50.000000000000	0.00000000000000
4.4600000000000	0.49935211330552	0.40567870533646	50.000000000000	0.00000000000000
4.4655000000000	0.51731519639443	0.38236996017691	50.000000000000	0.00000000000000
4.4710000000000	0.53425927372293	0.35826864032232	50.000000000000	0.00000000000000
4.4765000000000	0.55014956938878	0.33341493682853	50.000000000000	0.00000000000000
4.4820000000000	0.56495250458898	0.30785058745557	50.000000000000	0.00000000000000
4.4875000000000	0.57863576878752	0.28161887859403	50.000000000000	0.00000000000000
4.4930000000000	0.59116839561841	0.25476464393524	50.000000000000	0.00000000000000
4.4985000000000	0.60252084342546	0.22733425931348	50.000000000000	0.00000000000000
4.5040000000000	0.61266508028953	0.19937563313890	50.000000000000	0.00000000000000
4.5095000000000	0.62157467334051	0.17093819183397	50.000000000000	0.00000000000000
4.5150000000000	0.62922488209497	0.14207285968494	50.000000000000	0.00000000000000
4.5205000000000	0.63559275550151	0.11283203252194	50.000000000000	0.00000000000000
4.5260000000000	0.64065723231456	0.083269544649936	50.000000000000	0.00000000000000
4.5315000000000	0.64439924435397	0.053440628466042	50.000000000000	0.00000000000000
4.5370000000000	0.64680182214324	0.023401866218645	50.000000000000	0.00000000000000
4.5425000000000	0.64785020235312	-0.0067888666097121	50.000000000000	0.00000000000000
4.5480000000000	0.64753193641160	-0.037072466779946	50.000000000000	0.00000000000000
4.5535000000000	0.64583699957556	-0.067388678077572	50.000000000000	0.00000000000000
4.5590000000000	0.64275789969491	-0.097676175791084	50.000000000000	0.00000000000000
4.5645000000000	0.63828978483799	-0.12787266122371	50.000000000000	0.00000000000000
4.5700000000000	0.63243054888791	-0.15791496650911	50.000000000000	0.00000000000000
4.5755000000000	0.62518093416492	-0.18773916992687	50.000000000000	0.00000000000000
4.5810000000000	0.61654463008069	-0.21728072183142	50.000000000000	0.00000000000000
4.5865000000000	0.60652836678727	-0.24647458121713	50.000000000000	0.00000000000000
4.5920000000000	0.59514200274948	-0.27525536284387	50.000000000000	0.00000000000000
4.5975000000000	0.58239860514288	-0.30355749474191	50.000000000000	0.00000000000000
4.6030000000000	0.56831452196458	-0.33131538580331	50.000000000000	0.00000000000000
4.6085000000000	0.55290944473978	-0.35846360304946	50.000000000000	0.00000000000000
4.6140000000000	0.53620646071535	-0.38493705804341	50.000000000000	0.00000000000000
4.6195000000000	0.51823209345374	-0.41067120179084	50.000000000000	0.00000000000000
4.6250000000000	0.49901633077661	-0.43560222734868	50.000000000000	0.00000000000000
4.6305000000000	0.47859263905845	-0.45966727923423	50.000000000000	0.00000000000000
4.6360000000000	0.45699796293712	-0.48280466860543	50.000000000000	0.00000000000000
4.6415000000000	0.43427270959026	-0.50495409306370	50.000000000000	0.00000000000000
4.6470000000000	0.41046071682344	-0.52605685981827	50.000000000000	0.00000000000000
4.6525000000000	0.38560920432934	-0.54605611084694	50.000000000000	0.00000000000000
4.6580000000000	0.35976870760345	-0.56489704859421	50.000000000000	0.00000000000000
4.6635000000000	0.33299299414299	-0.58252716066728	50.000000000000	0.00000000000000
4.6690000000000	0.30533896170796	-0.59889644192327	50.000000000000	0.00000000000000
4.6745000000000	0.27686651858668	-0.61395761229194	50.000000000000	0.00000000000000
4.6800000000000	0.24763844598025	-0.62766632864586	50.000000000000	0.00000000000000
4.6855000000000	0.21772024279815	-0.63998138901842	50.000000000000	0.00000000000000
4.6910000000000	0.18717995334007	-0.65086492747872	50.000000000000	0.00000000000000
4.6965000000000	0.15608797852228	-0.66028259800275	50.000000000000	0.00000000000000
4.7020000000000	0.12451687148888	-0.66820374573315	50.000000000000	0.00000000000000
4.7075000000000	0.092541118626240	-0.67460156409428	50.000000000000	0.00000000000000
4.7130000000000	0.060236907168772	-0.67945323632610	50.000000000000	0.00000000000000
4.7185000000000	0.027681880744241	-0.68274006011773	50.000000000000	0.00000000000000
4.7240000000000	-0.0050451156465111	-0.68444755415918	50.000000000000	0.00000000000000
4.7295000000000	-0.037864299589820	-0.68456554558479	50.000000000000	0.00000000000000
4.7350000000000	-0.070695222421361	-0.68308823745375	50.000000000000	0.00000000000000
4.7405000000000	-0.10345704576013	-0.68001425559806	50.000000000000	0.00000000000000
4.7460000000000	-0.13606882151453	-0.67534667436445	50.000000000000	0.00000000000000
4.7515000000000	-0.16844977341486	-0.66909302098079	50.000000000000	0.00000000000000
4.7570000000000	-0.20051957810520	-0.66126525848627	50.000000000000	0.00000000000000
4.7625000000000	-0.23219864383159	-0.65187974737523	50.000000000000	0.00000000000000
4.7680000000000	-0.26340838479225	-0.64095718631245	50.000000000000	0.00000000000000
4.7735000000000	-0.29407148926980	-0.62852253248161	50.000000000000	0.00000000000000
4.7790000000000	-0.32411217974252	-0.61460490232292	50.000000000000	0.00000000000000
4.7845000000000	-0.35345646327179	-0.59923745360002	50.000000000000	0.00000000000000
4.7900000000000	-0.38203237058387	-0.58245724990522	50.000000000000	0.00000000000000
4.7955000000000	-0.40977018240224	-0.56430510886477	50.000000000000	0.00000000000000
4.8010000000000	-0.43660264174272	-0.54482543544041	50.000000000000	0.00000000000000
4.8065000000000	-0.46246515105110	-0.52406604183587	50.000000000000	0.00000000000000
4.8120000000000	-0.48729595324173	-0.50207795560973	50.000000000000	0.00000000000000
4.8175000000000	-0.51103629588148	-0.47891521766403	50.000000000000	0.00000000000000
4.8230000000000	-0.53363057795341	-0.45463467182495	50.000000000000	0.00000000000000
4.8285000000000	-0.55502647882627	-0.42929574775373	50.000000000000	0.00000000000000
4.8340000000000	-0.57517506924468	-0.40296023892726	50.000000000000	0.00000000000000
4.8395000000000	-0.59403090434118	-0.37569207740554	50.000000000000	0.00000000000000
4.8450000000000	-0.61155209884839	-0.34755710706162	50.000000000000	0.00000000000000
4.8505000000000	-0.62770038485903	-0.31862285688809	50.000000000000	0.00000000000000
4.8560000000000	-0.64244115263822	-0.28895831591574	50.000000000000	0.00000000000000
4.8615000000000	-0.65574347513713	-0.25863371118623	50.000000000000	0.00000000000000
4.8670000000000	-0.66758011698613	-0.22772029011277	50.000000000000	0.00000000000000
4.8725000000000	-0.67792752885995	-0.19629010844487	50.000000000000	0.00000000000000
4.8780000000000	-0.68676582820476	-0.16441582492562	50.000000000000	0.00000000000000
4.8835000000000	-0.69407876739762	-0.13217050359578	50.000000000000	0.00000000000000
4.8890000000000	-0.69985369047295	-0.099627424560666	50.000000000000	0.00000000000000
4.8945000000000	-0.70408147959768	-0.066859903894809	50.000000000000	0.00000000000000
4.9000000000000	-0.70675649250695	-0.033941123217750	50.000000000000	0.00000000000000
4.9055000000000	-0.70787649212823	-0.00094396933452765	50.000000000000	0.00000000000000
4.9110000000000	-0.70744256962076	0.032059115802851	50.000000000000	0.00000000000000
4.9165000000000	-0.70545906204403	0.064996274689205	50.000000000000	0.00000000000000
4.9220000000000	-0.70193346584192	0.097796363418506	50.000000000000	0.00000000000000
4.9275000000000	-0.69687634729079	0.13038907051839	50.000000000000	0.00000000000000
4.9330000000000	-0.69030125101049	0.16270502570292	50.000000000000	0.00000000000000
4.9385000000000	-0.68222460757916	0.19467589888447	50.000000000000	0.00000000000000
4.9440000000000	-0.67266564122590	0.22623448988107	50.000000000000	0.00000000000000
4.9495000000000	-0.66164627850201	0.25731480934249	50.000000000000	0.00000000000000
4.9550000000000	-0.64919105875184	0.28785215149564	50.000000000000	0.00000000000000
4.9605000000000	-0.63532704712043	0.31778315937829	50.000000000000	0.00000000000000
4.9660000000000	-0.62008375074651	0.34704588328910	50.000000000000	0.00000000000000
4.9715000000000	-0.60349303869852	0.37557983323178	50.000000000000	0.00000000000000
4.9770000000000	-0.58558906611783	0.40332602617256	50.000000000000	0.00000000000000
4.9825000000000	-0.56640820293794	0.43022702896237	50.000000000000	0.00000000000000
4.9880000000000	-0.54598896745279	0.45622699779928	50.000000000000	0.00000000000000
4.9935000000000	-0.52437196490999	0.48127171512297	50.000000000000	0.00000000000000
4.9990000000000	-0.50159983120850	0.50530862484050	50.000000000000	0.00000000000000
5.0045000000000	-0.47771718168303	0.52828686678399	50.000000000000	0.00000000000000
5.0100000000000	-0.45277056486127	0.55015731129287	50.000000000000	0.00000000000000
5.0155000000000	-0.42680842098443	0.57087259479970	50.000000000000	0.00000000000000
5.0210000000000	-0.39988104498658	0.59038715727635	50.000000000000	0.00000000000000
5.0265000000000	-0.37204055353422	0.60865728236854	50.000000000000	0.00000000000000
5.0320000000000	-0.34334085563517	0.62564114101024	50.000000000000	0.00000000000000
5.0375000000000	-0.31383762623438	0.64129883926494	50.000000000000	0.00000000000000
5.0430000000000	-0.28358828212432	0.65559247108965	50.000000000000	0.00000000000000
5.0485000000000	-0.25265195941121	0.66848617665642	50.000000000000	0.00000000000000
5.0540000000000	-0.22108949169153	0.67994620679833	50.000000000000	0.00000000000000
5.0595000000000	-0.18896338801291	0.68994099406929	50.000000000000	0.00000000000000
5.0650000000000	-0.15633780961388	0.69844123081979	50.000000000000	0.00000000000000
5.0705000000000	-0.12327854436357	0.70541995459445	50.000000000000	0.00000000000000
5.0760000000000	-0.089852977754163	0.71085264105126	50.000000000000	0.00000000000000
5.0815000000000	-0.056130059236296	0.71471730448382	50.000000000000	0.00000000000000
5.0870000000000	-0.022180262635161	0.71699460590160	50.000000000000	0.00000000000000
5.0925000000000	0.011924460661136	0.71766796848360	50.000000000000	0.00000000000000
5.0980000000000	0.046110737081097	0.71672370007259	50.000000000000	0.00000000000000
5.1035000000000	0.080303836178658	0.71415112221544	50.000000000000	0.00000000000000
5.1090000000000	0.11442774723747	0.70994270508758	50.000000000000	0.00000000000000
5.1145000000000	0.14840526852521	0.70409420745900	50.000000000000	0.00000000000000
5.1200000000000	0.18215811052116	0.69660482067342	50.000000000000	0.00000000000000
5.1255000000000	0.21560701438747	0.68747731541848	50.000000000000	0.00000000000000
5.1310000000000	0.24867188687817	0.67671818986915	50.000000000000	0.00000000000000
5.1365000000000	0.28127195277690	0.66433781758478	50.000000000000	0.00000000000000
5.1420000000000	0.31332592582447	0.65035059334628	50.000000000000	0.00000000000000
5.1475000000000	0.34475219893752	0.63477507492367	50.000000000000	0.00000000000000
5.1530000000000	0.37546905432737	0.61763411858261	50.000000000000	0.00000000000000
5.1585000000000	0.40539489390829	0.59895500596765	50.000000000000	0.00000000000000
5.1640000000000	0.43444849012748	0.57876955984744	50.000000000000	0.00000000000000
5.1695000000000	0.46254925706625	0.55711424607955	50.000000000000	0.00000000000000
5.1750000000000	0.48961754134451	0.53403025905336	50.000000000000	0.00000000000000
5.1805000000000	0.51557493201993	0.50956358780614	50.000000000000	0.00000000000000
5.1860000000000	0.54034458830610	0.48376505998448	50.000000000000	0.00000000000000
5.1915000000000	0.56385158354681	0.45669036084663	50.000000000000	0.00000000000000
5.1970000000000	0.58602326348650	0.42840002457718	50.000000000000	0.00000000000000
5.2025000000000	0.60678961646698	0.39895939531658	50.000000000000	0.00000000000000
5.2080000000000	0.62608365277764	0.36843855549939	50.000000000000	0.00000000000000
5.2135000000000	0.64384178998867	0.33691221934873	50.000000000000	0.00000000000000
5.2190000000000	0.66000424072128	0.30445958969201	50.000000000000	0.00000000000000
5.2245000000000	0.67451539896348	0.27116417664321	50.000000000000	0.00000000000000
5.2300000000000	0.68732422073395	0.23711357713909	50.000000000000	0.00000000000000
5.2355000000000	0.69838459464467	0.20239921481428	50.000000000000	0.00000000000000
5.2410000000000	0.70765569772145	0.16711604025188	50.000000000000	0.00000000000000
5.2465000000000	0.71510233172515	0.13136219223521	50.000000000000	0.00000000000000
5.2520000000000	0.72069523517821	0.095238621254601	50.000000000000	0.00000000000000
5.2575000000000	0.72441136635641	0.058848677165357	50.000000000000	0.00000000000000
5.2630000000000	0.72623415264935	0.022297663547198	50.000000000000	0.00000000000000
5.2685000000000	0.72615370194191	-0.014307638042063	50.000000000000	0.00000000000000
5.2740000000000	0.72416697200789	-0.050859470105875	50.000000000000	0.00000000000000
5.2795000000000	0.72027789434922	-0.087249623148663	50.000000000000	0.00000000000000
5.2850000000000	0.71449744944225	-0.12336997660231	50.000000000000	0.00000000000000
5.2905000000000	0.70684369096545	-0.15911305137356	50.000000000000	0.00000000000000
5.2960000000000	0.69734171726885	-0.19437256828482	50.000000000000	0.00000000000000
5.3015000000000	0.68602358908599	-0.22904400641340	50.000000000000	0.00000000000000
5.3070000000000	0.67292819327581	-0.26302515518007	50.000000000000	0.00000000000000
5.3125000000000	0.65810105319056	-0.29621665399611	50.000000000000	0.00000000000000
5.3180000000000	0.64159408708028	-0.32852251335717	50.000000000000	0.00000000000000
5.3235000000000	0.62346531674588	-0.35985061147333	50.000000000000	0.00000000000000
5.3290000000000	0.60377852941823	-0.39011316083924	50.000000000000	0.00000000000000
5.3345000000000	0.58260289655577	-0.41922713957750	50.000000000000	0.00000000000000
5.3400000000000	0.56001255389642	-0.44711468291492	50.000000000000	0.00000000000000
5.3455000000000	0.53608614765773	-0.47370343076794	50.000000000000	0.00000000000000
5.3510000000000	0.51090635223964	-0.49892682810111	50.000000000000	0.00000000000000
5.3565000000000	0.48455936513534	-0.52272437546617	50.000000000000	0.00000000000000
5.3620000000000	0.45713438499318	-0.54504182790923	50.000000000000	0.00000000000000
5.3675000000000	0.42872307889184	-0.56583134123030	50.000000000000	0.00000000000000
5.3730000000000	0.39941904489261	-0.58505156537485	50.000000000000	0.00000000000000
5.3785000000000	0.36931727582140	-0.60266768551132	50.000000000000	0.00000000000000
5.3840000000000	0.33851363001490	-0.61865141208566	50.000000000000	0.00000000000000
5.3895000000000	0.30710431444935	-0.63298092182688	50.000000000000	0.00000000000000
5.3950000000000	0.27518538527024	-0.64564075229554	50.000000000000	0.00000000000000
5.4005000000000	0.24285227026835	-0.65662165310626	50.000000000000	0.00000000000000
5.4060000000000	0.21019931731812	-0.66592039741189	50.000000000000	0.00000000000000
5.4115000000000	0.17731937222273	-0.67353955760132	50.000000000000	0.00000000000000
5.4170000000000	0.14430338881305	-0.67948724943731	50.000000000000	0.00000000000000
5.4225000000000	0.11124007353818	-0.68377684904209	50.000000000000	0.00000000000000
5.4280000000000	0.078215566178981	-0.68642668723181	50.000000000000	0.00000000000000
5.4335000000000	0.045313157725707	-0.68745972570993	50.000000000000	0.00000000000000
5.4390000000000	0.012613045896157	-0.68690321956200	50.000000000000	0.00000000000000
5.4445000000000	-0.019807871755960	-0.68478837035698	50.000000000000	0.00000000000000
5.4500000000000	-0.051876167676676	-0.68114997396339	50.000000000000	0.00000000000000
5.4555000000000	-0.083522018058596	-0.67602606694121	50.000000000000	0.00000000000000
5.4610000000000	-0.11467930184575	-0.66945757508244	50.000000000000	0.00000000000000
5.4665000000000	-0.14528566666645	-0.66148796735520	50.000000000000	0.00000000000000
5.4720000000000	-0.17528256363048	-0.65216291816653	50.000000000000	0.00000000000000
5.4775000000000	-0.20461525313780	-0.64152998050769	50.000000000000	0.00000000000000
5.4830000000000	-0.23323278400226	-0.62963827219030	50.000000000000	0.00000000000000
5.4885000000000	-0.26108794830025	-0.61653817702932	50.000000000000	0.00000000000000
5.4940000000000	-0.28813721441276	-0.60228106248661	50.000000000000	0.00000000000000
5.4995000000000	-0.31434064074667	-0.58691901496075	50.000000000000	0.00000000000000
5.5050000000000	-0.33966177259973	-0.57050459360078	50.000000000000	0.00000000000000
5.5105000000000	-0.36406752458083	-0.55309060323507	50.000000000000	0.00000000000000
5.5160000000000	-0.38752805091630	-0.53472988674515	50.000000000000	0.00000000000000
5.5215000000000	-0.41001660587013	-0.51547513697975	50.000000000000	0.00000000000000
5.5270000000000	-0.43150939638529	-0.49537872809535	50.000000000000	0.00000000000000
5.5325000000000	-0.45198542891975	-0.47449256602925	50.000000000000	0.00000000000000
5.5380000000000	-0.47142635230831	-0.45286795765553	50.000000000000	0.00000000000000
5.5435000000000	-0.48981629833325	-0.43055549804583	50.000000000000	0.00000000000000
5.5490000000000	-0.50714172153735	-0.40760497515129	50.000000000000	0.00000000000000
5.5545000000000	-0.52339123966401	-0.38406529113906	50.000000000000	0.00000000000000
5.5600000000000	-0.53855547596365	-0.35998439955509	50.000000000000	0.00000000000000
5.5655000000000	-0.55262690446573	-0.33540925744095	50.000000000000	0.00000000000000
5.5710000000000	-0.56559969918271	-0.31038579150528	50.000000000000	0.00000000000000
5.5765000000000	-0.57746958808770	-0.28495887743811	50.000000000000	0.00000000000000
5.5820000000000	-0.58823371259182	-0.25917233145583	50.000000000000	0.00000000000000
5.5875000000000	-0.59789049314195	-0.23306891317478	50.000000000000	0.00000000000000
5.5930000000000	-0.60643950146417	-0.20669033893024	50.000000000000	0.00000000000000
5.5985000000000	-0.61388133989288	-0.18007730468310	50.000000000000	0.00000000000000
5.6040000000000	-0.62021752815146	-0.15326951768695	50.000000000000	0.00000000000000
5.6095000000000	-0.62545039788543	-0.12630573612258	50.000000000000	0.00000000000000
5.6150000000000	-0.62958299519470	-0.099223815943092	50.000000000000	0.00000000000000
5.6205000000000	-0.63261899136624	-0.072060764210120	50.000000000000	0.00000000000000
5.6260000000000	-0.63456260197207	-0.044852798238267	50.000000000000	0.00000000000000
5.6315000000000	-0.63541851446976	-0.017635409900466	50.000000000000	0.00000000000000
5.6370000000000	-0.63519182442189	0.0095565655198129	50.000000000000	0.00000000000000
5.6425000000000	-0.63388798043802	0.036688876513833	50.000000000000	0.00000000000000
5.6480000000000	-0.63151273793547	0.063727779128477	50.000000000000	0.00000000000000
5.6535000000000	-0.62807212181370	0.090639957879782	50.000000000000	0.00000000000000
5.6590000000000	-0.62357239814048	0.11739244431994	50.000000000000	0.00000000000000
5.6645000000000	-0.61802005495511	0.14395253376883	50.000000000000	0.00000000000000
5.6700000000000	-0.61142179230432	0.17028770071733	50.000000000000	0.00000000000000
5.6755000000000	-0.60378452163896	0.19636551341310	50.000000000000	0.00000000000000
5.6810000000000	-0.59511537471329	0.22215354815032	50.000000000000	0.00000000000000
5.6865000000000	-0.58542172214264	0.24761930380355	50.000000000000	0.00000000000000
5.6920000000000	-0.57471120178832	0.27273011717242	50.000000000000	0.00000000000000
5.6975000000000	-0.56299175714959	0.29745307973940	50.000000000000	0.00000000000000
5.7030000000000	-0.55027168595034	0.32175495648662	50.000000000000	0.00000000000000
5.7085000000000	-0.53655969911089	0.34560210747069	50.000000000000	0.00000000000000
5.7140000000000	-0.52186499029213	0.36896041291589	50.000000000000	0.00000000000000
5.7195000000000	-0.50619731618786	0.39179520265682	50.000000000000	0.00000000000000
5.7250000000000	-0.48956708772034	0.41407119084008	50.000000000000	0.00000000000000
5.7305000000000	-0.47198547226101	0.43575241688193	50.000000000000	0.00000000000000
5.7360000000000	-0.45346450695232	0.45680219377220	50.000000000000	0.00000000000000
5.7415000000000	-0.43401722314368	0.47718306491562	50.000000000000	0.00000000000000
5.7470000000000	-0.41365778187372	0.49685677080583	50.000000000000	0.00000000000000
5.7525000000000	-0.39240162022990	0.51578422693572	50.000000000000	0.00000000000000
5.7580000000000	-0.37026560829080	0.53392551445481	50.000000000000	0.00000000000000
5.7635000000000	-0.34726821620692	0.55123988519030	50.000000000000	0.00000000000000
5.7690000000000	-0.32342969079718	0.56768578274753	50.000000000000	0.00000000000000
5.7745000000000	-0.29877224083025	0.58322088149390	50.000000000000	0.00000000000000
5.7800000000000	-0.27332022992100	0.59780214530310	50.000000000000	0.00000000000000
5.7855000000000	-0.24710037569943	0.61138590798867	50.000000000000	0.00000000000000
5.7910000000000	-0.22014195360632	0.62392797737795	50.000000000000	0.00000000000000
5.7965000000000	-0.19247700333091	0.63538376496642	50.000000000000	0.00000000000000
5.8020000000000	-0.16414053554155	0.64570844303503	50.000000000000	0.00000000000000
5.8075000000000	-0.13517073616372	0.65485713100515	50.000000000000	0.00000000000000
5.8130000000000	-0.10560916504590	0.66278511263541	50.000000000000	0.00000000000000
5.8185000000000	-0.075500945422472	0.66944808542207	50.000000000000	0.00000000000000
5.8240000000000	-0.044894940148420	0.67480244324535	50.000000000000	0.00000000000000
5.8295000000000	-0.013843910250276	0.67880559289246	50.000000000000	0.00000000000000
5.8350000000000	0.017595349067069	0.68141630458253	50.000000000000	0.00000000000000
5.8405000000000	0.049361900188766	0.68259509601523	50.000000000000	0.00000000000000
5.8460000000000	0.081390588171628	0.68230464875097	50.000000000000	0.00000000000000
5.8515000000000	0.11361200490717	0.68051025492119	50.000000000000	0.00000000000000
5.8570000000000	0.14595249825511	0.67718029135696	50.000000000000	0.00000000000000
5.8625000000000	0.17833423202655	0.67228671722291	50.000000000000	0.00000000000000
5.8680000000000	0.21067530253217	0.66580559017867	50.000000000000	0.00000000000000
5.8735000000000	0.24288991705676	0.65771759496639	50.000000000000	0.00000000000000
5.8790000000000	0.27488863906995	0.64800857718631	50.000000000000	0.00000000000000
5.8845000000000	0.30657870420306	0.63667007389902	50.000000000000	0.00000000000000
5.8900000000000	0.33786441000268	0.62369983162813	50.000000000000	0.00000000000000
5.8955000000000	0.36864758121739	0.60910230138153	50.000000000000	0.00000000000000
5.9010000000000	0.39882811087511	0.59288909951313	50.000000000000	0.00000000000000
5.9065000000000	0.42830457569440	0.57507942266978	50.000000000000	0.00000000000000
5.9120000000000	0.45697492246886	0.55570040475883	50.000000000000	0.00000000000000
5.9175000000000	0.48473722000619	0.53478740389073	50.000000000000	0.00000000000000
5.9230000000000	0.51149046906750	0.51238420763873	50.000000000000	0.00000000000000
5.9285000000000	0.53713546058552	0.48854314574860	50.000000000000	0.00000000000000
5.9340000000000	0.56157567034696	0.46332510065162	50.000000000000	0.00000000000000
5.9395000000000	0.58471817637660	0.43679940778246	50.000000000000	0.00000000000000
5.9450000000000	0.60647458356284	0.40904363976336	50.000000000000	0.00000000000000
5.9505000000000	0.62676193870804	0.38014327095116	50.000000000000	0.00000000000000
5.9560000000000	0.64550361825439	0.35019122159168	50.000000000000	0.00000000000000
5.9615000000000	0.66263017050925	0.31928728379830	50.000000000000	0.00000000000000
5.9670000000000	0.67808009432296	0.28753743467787	50.000000000000	0.00000000000000
5.9725000000000	0.69180053689643	0.25505304503464	50.000000000000	0.00000000000000
5.9780000000000	0.70374789471719	0.22194999508338	50.000000000000	0.00000000000000
5.9835000000000	0.71388830352232	0.18834771135183	50.000000000000	0.00000000000000
5.9890000000000	0.72219800561258	0.15436814134218	50.000000000000	0.00000000000000
5.9945000000000	0.72866358570802	0.12013468443113	50.000000000000	0.00000000000000
6.0000000000000	0.73328206974423	0.085771098835573	50.000000000000	0.00000000000000
